   -14.41246    0.000000
   -14.41246    1.000000
   -14.41246    0.000000
   -10.30129    0.000000
   -10.30129    1.000000
   -10.30129    0.000000
   -10.26842    0.000000
   -10.26842    1.000000
   -10.26842    0.000000
   -10.25934    0.000000
   -10.25934    1.000000
   -10.25934    0.000000
   -10.25332    0.000000
   -10.25332    1.000000
   -10.25332    0.000000
   -10.25144    0.000000
   -10.25144    1.000000
   -10.25144    0.000000
   -10.25046    0.000000
   -10.25046    1.000000
   -10.25046    0.000000
   -10.24583    0.000000
   -10.24583    1.000000
   -10.24583    0.000000
    -1.00316    0.000000
    -1.00316    1.000000
    -1.00316    0.000000
    -0.92450    0.000000
    -0.92450    1.000000
    -0.92450    0.000000
    -0.84769    0.000000
    -0.84769    1.000000
    -0.84769    0.000000
    -0.80735    0.000000
    -0.80735    1.000000
    -0.80735    0.000000
    -0.76270    0.000000
    -0.76270    1.000000
    -0.76270    0.000000
    -0.67968    0.000000
    -0.67968    1.000000
    -0.67968    0.000000
    -0.66090    0.000000
    -0.66090    1.000000
    -0.66090    0.000000
    -0.58426    0.000000
    -0.58426    1.000000
    -0.58426    0.000000
    -0.57504    0.000000
    -0.57504    1.000000
    -0.57504    0.000000
    -0.54328    0.000000
    -0.54328    1.000000
    -0.54328    0.000000
    -0.50880    0.000000
    -0.50880    1.000000
    -0.50880    0.000000
    -0.48980    0.000000
    -0.48980    1.000000
    -0.48980    0.000000
    -0.48601    0.000000
    -0.48601    1.000000
    -0.48601    0.000000
    -0.47092    0.000000
    -0.47092    1.000000
    -0.47092    0.000000
    -0.44554    0.000000
    -0.44554    1.000000
    -0.44554    0.000000
    -0.44453    0.000000
    -0.44453    1.000000
    -0.44453    0.000000
    -0.41370    0.000000
    -0.41370    1.000000
    -0.41370    0.000000
    -0.39858    0.000000
    -0.39858    1.000000
    -0.39858    0.000000
    -0.37208    0.000000
    -0.37208    1.000000
    -0.37208    0.000000
    -0.29795    0.000000
    -0.29795    1.000000
    -0.29795    0.000000
    -0.26113    0.000000
    -0.26113    1.000000
    -0.26113    0.000000
     0.00819    0.000000
     0.00819    1.000000
     0.00819    0.000000
     0.02003    0.000000
     0.02003    1.000000
     0.02003    0.000000
     0.02260    0.000000
     0.02260    1.000000
     0.02260    0.000000
     0.03014    0.000000
     0.03014    1.000000
     0.03014    0.000000
     0.03819    0.000000
     0.03819    1.000000
     0.03819    0.000000
     0.04009    0.000000
     0.04009    1.000000
     0.04009    0.000000
     0.04326    0.000000
     0.04326    1.000000
     0.04326    0.000000
     0.05031    0.000000
     0.05031    1.000000
     0.05031    0.000000
     0.06043    0.000000
     0.06043    1.000000
     0.06043    0.000000
     0.06710    0.000000
     0.06710    1.000000
     0.06710    0.000000
     0.07563    0.000000
     0.07563    1.000000
     0.07563    0.000000
     0.08441    0.000000
     0.08441    1.000000
     0.08441    0.000000
     0.09513    0.000000
     0.09513    1.000000
     0.09513    0.000000
     0.10056    0.000000
     0.10056    1.000000
     0.10056    0.000000
     0.10650    0.000000
     0.10650    1.000000
     0.10650    0.000000
     0.11160    0.000000
     0.11160    1.000000
     0.11160    0.000000
     0.11283    0.000000
     0.11283    1.000000
     0.11283    0.000000
     0.12250    0.000000
     0.12250    1.000000
     0.12250    0.000000
     0.12656    0.000000
     0.12656    1.000000
     0.12656    0.000000
     0.12832    0.000000
     0.12832    1.000000
     0.12832    0.000000
     0.13182    0.000000
     0.13182    1.000000
     0.13182    0.000000
     0.13501    0.000000
     0.13501    1.000000
     0.13501    0.000000
     0.13920    0.000000
     0.13920    1.000000
     0.13920    0.000000
     0.14140    0.000000
     0.14140    1.000000
     0.14140    0.000000
     0.14956    0.000000
     0.14956    1.000000
     0.14956    0.000000
     0.15392    0.000000
     0.15392    1.000000
     0.15392    0.000000
     0.16027    0.000000
     0.16027    1.000000
     0.16027    0.000000
     0.16717    0.000000
     0.16717    1.000000
     0.16717    0.000000
     0.17285    0.000000
     0.17285    1.000000
     0.17285    0.000000
     0.17835    0.000000
     0.17835    1.000000
     0.17835    0.000000
     0.18496    0.000000
     0.18496    1.000000
     0.18496    0.000000
     0.19033    0.000000
     0.19033    1.000000
     0.19033    0.000000
     0.19615    0.000000
     0.19615    1.000000
     0.19615    0.000000
     0.20567    0.000000
     0.20567    1.000000
     0.20567    0.000000
     0.20971    0.000000
     0.20971    1.000000
     0.20971    0.000000
     0.22192    0.000000
     0.22192    1.000000
     0.22192    0.000000
     0.22452    0.000000
     0.22452    1.000000
     0.22452    0.000000
     0.23402    0.000000
     0.23402    1.000000
     0.23402    0.000000
     0.23944    0.000000
     0.23944    1.000000
     0.23944    0.000000
     0.24633    0.000000
     0.24633    1.000000
     0.24633    0.000000
     0.25634    0.000000
     0.25634    1.000000
     0.25634    0.000000
     0.26043    0.000000
     0.26043    1.000000
     0.26043    0.000000
     0.26759    0.000000
     0.26759    1.000000
     0.26759    0.000000
     0.27214    0.000000
     0.27214    1.000000
     0.27214    0.000000
     0.27505    0.000000
     0.27505    1.000000
     0.27505    0.000000
     0.29244    0.000000
     0.29244    1.000000
     0.29244    0.000000
     0.29876    0.000000
     0.29876    1.000000
     0.29876    0.000000
     0.30606    0.000000
     0.30606    1.000000
     0.30606    0.000000
     0.30912    0.000000
     0.30912    1.000000
     0.30912    0.000000
     0.31568    0.000000
     0.31568    1.000000
     0.31568    0.000000
     0.31694    0.000000
     0.31694    1.000000
     0.31694    0.000000
     0.33192    0.000000
     0.33192    1.000000
     0.33192    0.000000
     0.33872    0.000000
     0.33872    1.000000
     0.33872    0.000000
     0.35073    0.000000
     0.35073    1.000000
     0.35073    0.000000
     0.35221    0.000000
     0.35221    1.000000
     0.35221    0.000000
     0.36338    0.000000
     0.36338    1.000000
     0.36338    0.000000
     0.36896    0.000000
     0.36896    1.000000
     0.36896    0.000000
     0.37232    0.000000
     0.37232    1.000000
     0.37232    0.000000
     0.38130    0.000000
     0.38130    1.000000
     0.38130    0.000000
     0.39133    0.000000
     0.39133    1.000000
     0.39133    0.000000
     0.39806    0.000000
     0.39806    1.000000
     0.39806    0.000000
     0.39990    0.000000
     0.39990    1.000000
     0.39990    0.000000
     0.40759    0.000000
     0.40759    1.000000
     0.40759    0.000000
     0.41558    0.000000
     0.41558    1.000000
     0.41558    0.000000
     0.42105    0.000000
     0.42105    1.000000
     0.42105    0.000000
     0.44078    0.000000
     0.44078    1.000000
     0.44078    0.000000
     0.44961    0.000000
     0.44961    1.000000
     0.44961    0.000000
     0.45890    0.000000
     0.45890    1.000000
     0.45890    0.000000
     0.46543    0.000000
     0.46543    1.000000
     0.46543    0.000000
     0.47515    0.000000
     0.47515    1.000000
     0.47515    0.000000
     0.47743    0.000000
     0.47743    1.000000
     0.47743    0.000000
     0.48153    0.000000
     0.48153    1.000000
     0.48153    0.000000
     0.48570    0.000000
     0.48570    1.000000
     0.48570    0.000000
     0.49669    0.000000
     0.49669    1.000000
     0.49669    0.000000
     0.50871    0.000000
     0.50871    1.000000
     0.50871    0.000000
     0.52062    0.000000
     0.52062    1.000000
     0.52062    0.000000
     0.52614    0.000000
     0.52614    1.000000
     0.52614    0.000000
     0.54490    0.000000
     0.54490    1.000000
     0.54490    0.000000
     0.54662    0.000000
     0.54662    1.000000
     0.54662    0.000000
     0.55043    0.000000
     0.55043    1.000000
     0.55043    0.000000
     0.56084    0.000000
     0.56084    1.000000
     0.56084    0.000000
     0.56697    0.000000
     0.56697    1.000000
     0.56697    0.000000
     0.57198    0.000000
     0.57198    1.000000
     0.57198    0.000000
     0.57728    0.000000
     0.57728    1.000000
     0.57728    0.000000
     0.58719    0.000000
     0.58719    1.000000
     0.58719    0.000000
     0.59523    0.000000
     0.59523    1.000000
     0.59523    0.000000
     0.60080    0.000000
     0.60080    1.000000
     0.60080    0.000000
     0.60793    0.000000
     0.60793    1.000000
     0.60793    0.000000
     0.61649    0.000000
     0.61649    1.000000
     0.61649    0.000000
     0.61904    0.000000
     0.61904    1.000000
     0.61904    0.000000
     0.63379    0.000000
     0.63379    1.000000
     0.63379    0.000000
     0.63990    0.000000
     0.63990    1.000000
     0.63990    0.000000
     0.64292    0.000000
     0.64292    1.000000
     0.64292    0.000000
     0.65209    0.000000
     0.65209    1.000000
     0.65209    0.000000
     0.65279    0.000000
     0.65279    1.000000
     0.65279    0.000000
     0.65765    0.000000
     0.65765    1.000000
     0.65765    0.000000
     0.66782    0.000000
     0.66782    1.000000
     0.66782    0.000000
     0.67258    0.000000
     0.67258    1.000000
     0.67258    0.000000
     0.68074    0.000000
     0.68074    1.000000
     0.68074    0.000000
     0.68931    0.000000
     0.68931    1.000000
     0.68931    0.000000
     0.69976    0.000000
     0.69976    1.000000
     0.69976    0.000000
     0.71364    0.000000
     0.71364    1.000000
     0.71364    0.000000
     0.72033    0.000000
     0.72033    1.000000
     0.72033    0.000000
     0.72834    0.000000
     0.72834    1.000000
     0.72834    0.000000
     0.73363    0.000000
     0.73363    1.000000
     0.73363    0.000000
     0.74702    0.000000
     0.74702    1.000000
     0.74702    0.000000
     0.76395    0.000000
     0.76395    1.000000
     0.76395    0.000000
     0.77576    0.000000
     0.77576    1.000000
     0.77576    0.000000
     0.77630    0.000000
     0.77630    1.000000
     0.77630    0.000000
     0.78970    0.000000
     0.78970    1.000000
     0.78970    0.000000
     0.80209    0.000000
     0.80209    1.000000
     0.80209    0.000000
     0.80639    0.000000
     0.80639    1.000000
     0.80639    0.000000
     0.82118    0.000000
     0.82118    1.000000
     0.82118    0.000000
     0.83099    0.000000
     0.83099    1.000000
     0.83099    0.000000
     0.83599    0.000000
     0.83599    1.000000
     0.83599    0.000000
     0.84491    0.000000
     0.84491    1.000000
     0.84491    0.000000
     0.86244    0.000000
     0.86244    1.000000
     0.86244    0.000000
     0.86947    0.000000
     0.86947    1.000000
     0.86947    0.000000
     0.88176    0.000000
     0.88176    1.000000
     0.88176    0.000000
     0.89124    0.000000
     0.89124    1.000000
     0.89124    0.000000
     0.89555    0.000000
     0.89555    1.000000
     0.89555    0.000000
     0.90048    0.000000
     0.90048    1.000000
     0.90048    0.000000
     0.92155    0.000000
     0.92155    1.000000
     0.92155    0.000000
     0.94808    0.000000
     0.94808    1.000000
     0.94808    0.000000
     0.95904    0.000000
     0.95904    1.000000
     0.95904    0.000000
     0.97624    0.000000
     0.97624    1.000000
     0.97624    0.000000
     0.97877    0.000000
     0.97877    1.000000
     0.97877    0.000000
     1.00375    0.000000
     1.00375    1.000000
     1.00375    0.000000
     1.01218    0.000000
     1.01218    1.000000
     1.01218    0.000000
     1.01781    0.000000
     1.01781    1.000000
     1.01781    0.000000
     1.03198    0.000000
     1.03198    1.000000
     1.03198    0.000000
     1.05895    0.000000
     1.05895    1.000000
     1.05895    0.000000
     1.08684    0.000000
     1.08684    1.000000
     1.08684    0.000000
     1.09019    0.000000
     1.09019    1.000000
     1.09019    0.000000
     1.10746    0.000000
     1.10746    1.000000
     1.10746    0.000000
     1.13538    0.000000
     1.13538    1.000000
     1.13538    0.000000
     1.15556    0.000000
     1.15556    1.000000
     1.15556    0.000000
     1.18109    0.000000
     1.18109    1.000000
     1.18109    0.000000
     1.22379    0.000000
     1.22379    1.000000
     1.22379    0.000000
     1.31045    0.000000
     1.31045    1.000000
     1.31045    0.000000
     1.33475    0.000000
     1.33475    1.000000
     1.33475    0.000000
     1.34143    0.000000
     1.34143    1.000000
     1.34143    0.000000
     1.35380    0.000000
     1.35380    1.000000
     1.35380    0.000000
     1.36960    0.000000
     1.36960    1.000000
     1.36960    0.000000
     1.38361    0.000000
     1.38361    1.000000
     1.38361    0.000000
     1.40120    0.000000
     1.40120    1.000000
     1.40120    0.000000
     1.41270    0.000000
     1.41270    1.000000
     1.41270    0.000000
     1.44212    0.000000
     1.44212    1.000000
     1.44212    0.000000
     1.45359    0.000000
     1.45359    1.000000
     1.45359    0.000000
     1.46519    0.000000
     1.46519    1.000000
     1.46519    0.000000
     1.48448    0.000000
     1.48448    1.000000
     1.48448    0.000000
     1.48981    0.000000
     1.48981    1.000000
     1.48981    0.000000
     1.49749    0.000000
     1.49749    1.000000
     1.49749    0.000000
     1.50841    0.000000
     1.50841    1.000000
     1.50841    0.000000
     1.51150    0.000000
     1.51150    1.000000
     1.51150    0.000000
     1.52364    0.000000
     1.52364    1.000000
     1.52364    0.000000
     1.55201    0.000000
     1.55201    1.000000
     1.55201    0.000000
     1.56239    0.000000
     1.56239    1.000000
     1.56239    0.000000
     1.57077    0.000000
     1.57077    1.000000
     1.57077    0.000000
     1.58210    0.000000
     1.58210    1.000000
     1.58210    0.000000
     1.58591    0.000000
     1.58591    1.000000
     1.58591    0.000000
     1.60287    0.000000
     1.60287    1.000000
     1.60287    0.000000
     1.63129    0.000000
     1.63129    1.000000
     1.63129    0.000000
     1.63689    0.000000
     1.63689    1.000000
     1.63689    0.000000
     1.66031    0.000000
     1.66031    1.000000
     1.66031    0.000000
     1.69157    0.000000
     1.69157    1.000000
     1.69157    0.000000
     1.70205    0.000000
     1.70205    1.000000
     1.70205    0.000000
     1.71235    0.000000
     1.71235    1.000000
     1.71235    0.000000
     1.73714    0.000000
     1.73714    1.000000
     1.73714    0.000000
     1.73971    0.000000
     1.73971    1.000000
     1.73971    0.000000
     1.75305    0.000000
     1.75305    1.000000
     1.75305    0.000000
     1.75695    0.000000
     1.75695    1.000000
     1.75695    0.000000
     1.77308    0.000000
     1.77308    1.000000
     1.77308    0.000000
     1.78764    0.000000
     1.78764    1.000000
     1.78764    0.000000
     1.79373    0.000000
     1.79373    1.000000
     1.79373    0.000000
     1.80460    0.000000
     1.80460    1.000000
     1.80460    0.000000
     1.86294    0.000000
     1.86294    1.000000
     1.86294    0.000000
     1.88215    0.000000
     1.88215    1.000000
     1.88215    0.000000
     1.88697    0.000000
     1.88697    1.000000
     1.88697    0.000000
     1.91447    0.000000
     1.91447    1.000000
     1.91447    0.000000
     1.92768    0.000000
     1.92768    1.000000
     1.92768    0.000000
     1.93222    0.000000
     1.93222    1.000000
     1.93222    0.000000
     1.96449    0.000000
     1.96449    1.000000
     1.96449    0.000000
     1.97710    0.000000
     1.97710    1.000000
     1.97710    0.000000
     1.98604    0.000000
     1.98604    1.000000
     1.98604    0.000000
     1.99847    0.000000
     1.99847    1.000000
     1.99847    0.000000
     2.01722    0.000000
     2.01722    1.000000
     2.01722    0.000000
     2.01995    0.000000
     2.01995    1.000000
     2.01995    0.000000
     2.04904    0.000000
     2.04904    1.000000
     2.04904    0.000000
     2.06870    0.000000
     2.06870    1.000000
     2.06870    0.000000
     2.08441    0.000000
     2.08441    1.000000
     2.08441    0.000000
     2.09179    0.000000
     2.09179    1.000000
     2.09179    0.000000
     2.10704    0.000000
     2.10704    1.000000
     2.10704    0.000000
     2.12235    0.000000
     2.12235    1.000000
     2.12235    0.000000
     2.13669    0.000000
     2.13669    1.000000
     2.13669    0.000000
     2.14708    0.000000
     2.14708    1.000000
     2.14708    0.000000
     2.15681    0.000000
     2.15681    1.000000
     2.15681    0.000000
     2.16390    0.000000
     2.16390    1.000000
     2.16390    0.000000
     2.18009    0.000000
     2.18009    1.000000
     2.18009    0.000000
     2.19973    0.000000
     2.19973    1.000000
     2.19973    0.000000
     2.22134    0.000000
     2.22134    1.000000
     2.22134    0.000000
     2.24723    0.000000
     2.24723    1.000000
     2.24723    0.000000
     2.25465    0.000000
     2.25465    1.000000
     2.25465    0.000000
     2.27911    0.000000
     2.27911    1.000000
     2.27911    0.000000
     2.32203    0.000000
     2.32203    1.000000
     2.32203    0.000000
     2.32992    0.000000
     2.32992    1.000000
     2.32992    0.000000
     2.34866    0.000000
     2.34866    1.000000
     2.34866    0.000000
     2.36141    0.000000
     2.36141    1.000000
     2.36141    0.000000
     2.38032    0.000000
     2.38032    1.000000
     2.38032    0.000000
     2.40134    0.000000
     2.40134    1.000000
     2.40134    0.000000
     2.42414    0.000000
     2.42414    1.000000
     2.42414    0.000000
     2.47628    0.000000
     2.47628    1.000000
     2.47628    0.000000
     2.51573    0.000000
     2.51573    1.000000
     2.51573    0.000000
     2.52697    0.000000
     2.52697    1.000000
     2.52697    0.000000
     2.58349    0.000000
     2.58349    1.000000
     2.58349    0.000000
     2.60336    0.000000
     2.60336    1.000000
     2.60336    0.000000
     2.62542    0.000000
     2.62542    1.000000
     2.62542    0.000000
     2.65375    0.000000
     2.65375    1.000000
     2.65375    0.000000
     2.68475    0.000000
     2.68475    1.000000
     2.68475    0.000000
     2.71162    0.000000
     2.71162    1.000000
     2.71162    0.000000
     2.74103    0.000000
     2.74103    1.000000
     2.74103    0.000000
     2.77238    0.000000
     2.77238    1.000000
     2.77238    0.000000
     2.83376    0.000000
     2.83376    1.000000
     2.83376    0.000000
     2.86524    0.000000
     2.86524    1.000000
     2.86524    0.000000
     2.87570    0.000000
     2.87570    1.000000
     2.87570    0.000000
     2.92284    0.000000
     2.92284    1.000000
     2.92284    0.000000
     2.94231    0.000000
     2.94231    1.000000
     2.94231    0.000000
     3.07790    0.000000
     3.07790    1.000000
     3.07790    0.000000
     3.10577    0.000000
     3.10577    1.000000
     3.10577    0.000000
     3.12177    0.000000
     3.12177    1.000000
     3.12177    0.000000
     3.16257    0.000000
     3.16257    1.000000
     3.16257    0.000000
     3.36201    0.000000
     3.36201    1.000000
     3.36201    0.000000
     3.46305    0.000000
     3.46305    1.000000
     3.46305    0.000000
     3.51361    0.000000
     3.51361    1.000000
     3.51361    0.000000
     3.60651    0.000000
     3.60651    1.000000
     3.60651    0.000000
     4.45799    0.000000
     4.45799    1.000000
     4.45799    0.000000
