 -20.00000    0.000000
 -19.99200    0.000000
 -19.98399    0.000000
 -19.97599    0.000000
 -19.96799    0.000000
 -19.95999    0.000000
 -19.95198    0.000000
 -19.94398    0.000000
 -19.93598    0.000000
 -19.92798    0.000000
 -19.91997    0.000000
 -19.91197    0.000000
 -19.90397    0.000000
 -19.89597    0.000000
 -19.88796    0.000000
 -19.87996    0.000000
 -19.87196    0.000000
 -19.86395    0.000000
 -19.85595    0.000000
 -19.84795    0.000000
 -19.83995    0.000000
 -19.83194    0.000000
 -19.82394    0.000000
 -19.81594    0.000000
 -19.80794    0.000000
 -19.79993    0.000000
 -19.79193    0.000000
 -19.78393    0.000000
 -19.77593    0.000000
 -19.76792    0.000000
 -19.75992    0.000000
 -19.75192    0.000000
 -19.74391    0.000000
 -19.73591    0.000000
 -19.72791    0.000000
 -19.71991    0.000000
 -19.71190    0.000000
 -19.70390    0.000000
 -19.69590    0.000000
 -19.68790    0.000000
 -19.67989    0.000000
 -19.67189    0.000000
 -19.66389    0.000000
 -19.65589    0.000000
 -19.64788    0.000000
 -19.63988    0.000000
 -19.63188    0.000000
 -19.62387    0.000000
 -19.61587    0.000000
 -19.60787    0.000000
 -19.59987    0.000000
 -19.59186    0.000000
 -19.58386    0.000000
 -19.57586    0.000000
 -19.56786    0.000000
 -19.55985    0.000000
 -19.55185    0.000000
 -19.54385    0.000000
 -19.53585    0.000000
 -19.52784    0.000000
 -19.51984    0.000000
 -19.51184    0.000000
 -19.50383    0.000000
 -19.49583    0.000000
 -19.48783    0.000000
 -19.47983    0.000000
 -19.47182    0.000000
 -19.46382    0.000000
 -19.45582    0.000000
 -19.44782    0.000000
 -19.43981    0.000000
 -19.43181    0.000000
 -19.42381    0.000000
 -19.41581    0.000000
 -19.40780    0.000000
 -19.39980    0.000000
 -19.39180    0.000000
 -19.38379    0.000000
 -19.37579    0.000000
 -19.36779    0.000000
 -19.35979    0.000000
 -19.35178    0.000000
 -19.34378    0.000000
 -19.33578    0.000000
 -19.32778    0.000000
 -19.31977    0.000000
 -19.31177    0.000000
 -19.30377    0.000000
 -19.29577    0.000000
 -19.28776    0.000000
 -19.27976    0.000000
 -19.27176    0.000000
 -19.26375    0.000000
 -19.25575    0.000000
 -19.24775    0.000000
 -19.23975    0.000000
 -19.23174    0.000000
 -19.22374    0.000000
 -19.21574    0.000000
 -19.20774    0.000000
 -19.19973    0.000000
 -19.19173    0.000000
 -19.18373    0.000000
 -19.17573    0.000000
 -19.16772    0.000000
 -19.15972    0.000000
 -19.15172    0.000000
 -19.14371    0.000000
 -19.13571    0.000000
 -19.12771    0.000000
 -19.11971    0.000000
 -19.11170    0.000000
 -19.10370    0.000000
 -19.09570    0.000000
 -19.08770    0.000000
 -19.07969    0.000000
 -19.07169    0.000000
 -19.06369    0.000000
 -19.05569    0.000000
 -19.04768    0.000000
 -19.03968    0.000000
 -19.03168    0.000000
 -19.02367    0.000000
 -19.01567    0.000000
 -19.00767    0.000000
 -18.99967    0.000000
 -18.99166    0.000000
 -18.98366    0.000000
 -18.97566    0.000000
 -18.96766    0.000000
 -18.95965    0.000000
 -18.95165    0.000000
 -18.94365    0.000000
 -18.93565    0.000000
 -18.92764    0.000000
 -18.91964    0.000000
 -18.91164    0.000000
 -18.90363    0.000000
 -18.89563    0.000000
 -18.88763    0.000000
 -18.87963    0.000000
 -18.87162    0.000000
 -18.86362    0.000000
 -18.85562    0.000000
 -18.84762    0.000000
 -18.83961    0.000000
 -18.83161    0.000000
 -18.82361    0.000000
 -18.81561    0.000000
 -18.80760    0.000000
 -18.79960    0.000000
 -18.79160    0.000000
 -18.78359    0.000000
 -18.77559    0.000000
 -18.76759    0.000000
 -18.75959    0.000000
 -18.75158    0.000000
 -18.74358    0.000000
 -18.73558    0.000000
 -18.72758    0.000000
 -18.71957    0.000000
 -18.71157    0.000000
 -18.70357    0.000000
 -18.69557    0.000000
 -18.68756    0.000000
 -18.67956    0.000000
 -18.67156    0.000000
 -18.66355    0.000000
 -18.65555    0.000000
 -18.64755    0.000000
 -18.63955    0.000000
 -18.63154    0.000000
 -18.62354    0.000000
 -18.61554    0.000000
 -18.60754    0.000000
 -18.59953    0.000000
 -18.59153    0.000000
 -18.58353    0.000000
 -18.57553    0.000000
 -18.56752    0.000000
 -18.55952    0.000000
 -18.55152    0.000000
 -18.54351    0.000000
 -18.53551    0.000000
 -18.52751    0.000000
 -18.51951    0.000000
 -18.51150    0.000000
 -18.50350    0.000000
 -18.49550    0.000000
 -18.48750    0.000000
 -18.47949    0.000000
 -18.47149    0.000000
 -18.46349    0.000000
 -18.45549    0.000000
 -18.44748    0.000000
 -18.43948    0.000000
 -18.43148    0.000000
 -18.42347    0.000000
 -18.41547    0.000000
 -18.40747    0.000000
 -18.39947    0.000000
 -18.39146    0.000000
 -18.38346    0.000000
 -18.37546    0.000000
 -18.36746    0.000000
 -18.35945    0.000000
 -18.35145    0.000000
 -18.34345    0.000000
 -18.33545    0.000000
 -18.32744    0.000000
 -18.31944    0.000000
 -18.31144    0.000000
 -18.30343    0.000000
 -18.29543    0.000000
 -18.28743    0.000000
 -18.27943    0.000000
 -18.27142    0.000000
 -18.26342    0.000000
 -18.25542    0.000000
 -18.24742    0.000000
 -18.23941    0.000000
 -18.23141    0.000000
 -18.22341    0.000000
 -18.21541    0.000000
 -18.20740    0.000000
 -18.19940    0.000000
 -18.19140    0.000000
 -18.18339    0.000000
 -18.17539    0.000000
 -18.16739    0.000000
 -18.15939    0.000000
 -18.15138    0.000000
 -18.14338    0.000000
 -18.13538    0.000000
 -18.12738    0.000000
 -18.11937    0.000000
 -18.11137    0.000000
 -18.10337    0.000000
 -18.09537    0.000000
 -18.08736    0.000000
 -18.07936    0.000000
 -18.07136    0.000000
 -18.06335    0.000000
 -18.05535    0.000000
 -18.04735    0.000000
 -18.03935    0.000000
 -18.03134    0.000000
 -18.02334    0.000000
 -18.01534    0.000000
 -18.00734    0.000000
 -17.99933    0.000000
 -17.99133    0.000000
 -17.98333    0.000000
 -17.97533    0.000000
 -17.96732    0.000000
 -17.95932    0.000000
 -17.95132    0.000000
 -17.94331    0.000000
 -17.93531    0.000000
 -17.92731    0.000000
 -17.91931    0.000000
 -17.91130    0.000000
 -17.90330    0.000000
 -17.89530    0.000000
 -17.88730    0.000000
 -17.87929    0.000000
 -17.87129    0.000000
 -17.86329    0.000000
 -17.85529    0.000000
 -17.84728    0.000000
 -17.83928    0.000000
 -17.83128    0.000000
 -17.82327    0.000000
 -17.81527    0.000000
 -17.80727    0.000000
 -17.79927    0.000000
 -17.79126    0.000000
 -17.78326    0.000000
 -17.77526    0.000000
 -17.76726    0.000000
 -17.75925    0.000000
 -17.75125    0.000000
 -17.74325    0.000000
 -17.73525    0.000000
 -17.72724    0.000000
 -17.71924    0.000000
 -17.71124    0.000000
 -17.70323    0.000000
 -17.69523    0.000000
 -17.68723    0.000000
 -17.67923    0.000000
 -17.67122    0.000000
 -17.66322    0.000000
 -17.65522    0.000000
 -17.64722    0.000000
 -17.63921    0.000000
 -17.63121    0.000000
 -17.62321    0.000000
 -17.61521    0.000000
 -17.60720    0.000000
 -17.59920    0.000000
 -17.59120    0.000000
 -17.58319    0.000000
 -17.57519    0.000000
 -17.56719    0.000000
 -17.55919    0.000000
 -17.55118    0.000000
 -17.54318    0.000000
 -17.53518    0.000000
 -17.52718    0.000000
 -17.51917    0.000000
 -17.51117    0.000000
 -17.50317    0.000000
 -17.49517    0.000000
 -17.48716    0.000000
 -17.47916    0.000000
 -17.47116    0.000000
 -17.46315    0.000000
 -17.45515    0.000000
 -17.44715    0.000000
 -17.43915    0.000000
 -17.43114    0.000000
 -17.42314    0.000000
 -17.41514    0.000000
 -17.40714    0.000000
 -17.39913    0.000000
 -17.39113    0.000000
 -17.38313    0.000000
 -17.37513    0.000000
 -17.36712    0.000000
 -17.35912    0.000000
 -17.35112    0.000000
 -17.34311    0.000000
 -17.33511    0.000000
 -17.32711    0.000000
 -17.31911    0.000000
 -17.31110    0.000000
 -17.30310    0.000000
 -17.29510    0.000000
 -17.28710    0.000000
 -17.27909    0.000000
 -17.27109    0.000000
 -17.26309    0.000000
 -17.25509    0.000000
 -17.24708    0.000000
 -17.23908    0.000000
 -17.23108    0.000000
 -17.22307    0.000000
 -17.21507    0.000000
 -17.20707    0.000000
 -17.19907    0.000000
 -17.19106    0.000000
 -17.18306    0.000000
 -17.17506    0.000000
 -17.16706    0.000000
 -17.15905    0.000000
 -17.15105    0.000000
 -17.14305    0.000000
 -17.13505    0.000000
 -17.12704    0.000000
 -17.11904    0.000000
 -17.11104    0.000000
 -17.10303    0.000000
 -17.09503    0.000000
 -17.08703    0.000000
 -17.07903    0.000000
 -17.07102    0.000000
 -17.06302    0.000000
 -17.05502    0.000000
 -17.04702    0.000000
 -17.03901    0.000000
 -17.03101    0.000000
 -17.02301    0.000000
 -17.01501    0.000000
 -17.00700    0.000000
 -16.99900    0.000000
 -16.99100    0.000000
 -16.98299    0.000000
 -16.97499    0.000000
 -16.96699    0.000000
 -16.95899    0.000000
 -16.95098    0.000000
 -16.94298    0.000000
 -16.93498    0.000000
 -16.92698    0.000000
 -16.91897    0.000000
 -16.91097    0.000000
 -16.90297    0.000000
 -16.89496    0.000000
 -16.88696    0.000000
 -16.87896    0.000000
 -16.87096    0.000000
 -16.86295    0.000000
 -16.85495    0.000000
 -16.84695    0.000000
 -16.83895    0.000000
 -16.83094    0.000000
 -16.82294    0.000000
 -16.81494    0.000000
 -16.80694    0.000000
 -16.79893    0.000000
 -16.79093    0.000000
 -16.78293    0.000000
 -16.77492    0.000000
 -16.76692    0.000000
 -16.75892    0.000000
 -16.75092    0.000000
 -16.74291    0.000000
 -16.73491    0.000000
 -16.72691    0.000000
 -16.71891    0.000000
 -16.71090    0.000000
 -16.70290    0.000000
 -16.69490    0.000000
 -16.68690    0.000000
 -16.67889    0.000000
 -16.67089    0.000000
 -16.66289    0.000000
 -16.65488    0.000000
 -16.64688    0.000000
 -16.63888    0.000000
 -16.63088    0.000000
 -16.62287    0.000000
 -16.61487    0.000000
 -16.60687    0.000000
 -16.59887    0.000000
 -16.59086    0.000000
 -16.58286    0.000000
 -16.57486    0.000000
 -16.56686    0.000000
 -16.55885    0.000000
 -16.55085    0.000000
 -16.54285    0.000000
 -16.53484    0.000000
 -16.52684    0.000000
 -16.51884    0.000000
 -16.51084    0.000000
 -16.50283    0.000000
 -16.49483    0.000000
 -16.48683    0.000000
 -16.47883    0.000000
 -16.47082    0.000000
 -16.46282    0.000000
 -16.45482    0.000000
 -16.44682    0.000000
 -16.43881    0.000000
 -16.43081    0.000000
 -16.42281    0.000000
 -16.41480    0.000000
 -16.40680    0.000000
 -16.39880    0.000000
 -16.39080    0.000000
 -16.38279    0.000000
 -16.37479    0.000000
 -16.36679    0.000000
 -16.35879    0.000000
 -16.35078    0.000000
 -16.34278    0.000000
 -16.33478    0.000000
 -16.32678    0.000000
 -16.31877    0.000000
 -16.31077    0.000000
 -16.30277    0.000000
 -16.29476    0.000000
 -16.28676    0.000000
 -16.27876    0.000000
 -16.27076    0.000000
 -16.26275    0.000000
 -16.25475    0.000000
 -16.24675    0.000000
 -16.23875    0.000000
 -16.23074    0.000000
 -16.22274    0.000000
 -16.21474    0.000000
 -16.20674    0.000000
 -16.19873    0.000000
 -16.19073    0.000000
 -16.18273    0.000000
 -16.17472    0.000000
 -16.16672    0.000000
 -16.15872    0.000000
 -16.15072    0.000000
 -16.14271    0.000000
 -16.13471    0.000000
 -16.12671    0.000000
 -16.11871    0.000000
 -16.11070    0.000000
 -16.10270    0.000000
 -16.09470    0.000000
 -16.08670    0.000000
 -16.07869    0.000000
 -16.07069    0.000000
 -16.06269    0.000000
 -16.05468    0.000000
 -16.04668    0.000000
 -16.03868    0.000000
 -16.03068    0.000000
 -16.02267    0.000000
 -16.01467    0.000000
 -16.00667    0.000000
 -15.99867    0.000000
 -15.99066    0.000000
 -15.98266    0.000000
 -15.97466    0.000000
 -15.96666    0.000000
 -15.95865    0.000000
 -15.95065    0.000000
 -15.94265    0.000000
 -15.93464    0.000000
 -15.92664    0.000000
 -15.91864    0.000000
 -15.91064    0.000000
 -15.90263    0.000000
 -15.89463    0.000000
 -15.88663    0.000000
 -15.87863    0.000000
 -15.87062    0.000000
 -15.86262    0.000000
 -15.85462    0.000000
 -15.84662    0.000000
 -15.83861    0.000000
 -15.83061    0.000000
 -15.82261    0.000000
 -15.81460    0.000000
 -15.80660    0.000000
 -15.79860    0.000000
 -15.79060    0.000000
 -15.78259    0.000000
 -15.77459    0.000000
 -15.76659    0.000000
 -15.75859    0.000000
 -15.75058    0.000000
 -15.74258    0.000000
 -15.73458    0.000000
 -15.72658    0.000000
 -15.71857    0.000000
 -15.71057    0.000000
 -15.70257    0.000000
 -15.69456    0.000000
 -15.68656    0.000000
 -15.67856    0.000000
 -15.67056    0.000000
 -15.66255    0.000000
 -15.65455    0.000000
 -15.64655    0.000000
 -15.63855    0.000000
 -15.63054    0.000000
 -15.62254    0.000000
 -15.61454    0.000000
 -15.60654    0.000000
 -15.59853    0.000000
 -15.59053    0.000000
 -15.58253    0.000000
 -15.57452    0.000000
 -15.56652    0.000000
 -15.55852    0.000000
 -15.55052    0.000000
 -15.54251    0.000000
 -15.53451    0.000000
 -15.52651    0.000000
 -15.51851    0.000000
 -15.51050    0.000000
 -15.50250    0.000000
 -15.49450    0.000000
 -15.48650    0.000000
 -15.47849    0.000000
 -15.47049    0.000000
 -15.46249    0.000000
 -15.45448    0.000000
 -15.44648    0.000000
 -15.43848    0.000000
 -15.43048    0.000000
 -15.42247    0.000000
 -15.41447    0.000000
 -15.40647    0.000000
 -15.39847    0.000000
 -15.39046    0.000000
 -15.38246    0.000000
 -15.37446    0.000000
 -15.36646    0.000000
 -15.35845    0.000000
 -15.35045    0.000000
 -15.34245    0.000000
 -15.33444    0.000000
 -15.32644    0.000000
 -15.31844    0.000000
 -15.31044    0.000000
 -15.30243    0.000000
 -15.29443    0.000000
 -15.28643    0.000000
 -15.27843    0.000000
 -15.27042    0.000000
 -15.26242    0.000000
 -15.25442    0.000000
 -15.24642    0.000000
 -15.23841    0.000000
 -15.23041    0.000000
 -15.22241    0.000000
 -15.21440    0.000000
 -15.20640    0.000000
 -15.19840    0.000000
 -15.19040    0.000000
 -15.18239    0.000000
 -15.17439    0.000000
 -15.16639    0.000000
 -15.15839    0.000000
 -15.15038    0.000000
 -15.14238    0.000000
 -15.13438    0.000000
 -15.12638    0.000000
 -15.11837    0.000000
 -15.11037    0.000000
 -15.10237    0.000000
 -15.09436    0.000000
 -15.08636    0.000000
 -15.07836    0.000000
 -15.07036    0.000000
 -15.06235    0.000000
 -15.05435    0.000000
 -15.04635    0.000000
 -15.03835    0.000000
 -15.03034    0.000000
 -15.02234    0.000000
 -15.01434    0.000000
 -15.00634    0.000000
 -14.99833    0.000000
 -14.99033    0.000000
 -14.98233    0.000000
 -14.97432    0.000000
 -14.96632    0.000000
 -14.95832    0.000000
 -14.95032    0.000000
 -14.94231    0.000000
 -14.93431    0.000000
 -14.92631    0.000000
 -14.91831    0.000000
 -14.91030    0.000000
 -14.90230    0.000000
 -14.89430    0.000000
 -14.88630    0.000000
 -14.87829    0.000000
 -14.87029    0.000000
 -14.86229    0.000000
 -14.85428    0.000000
 -14.84628    0.000000
 -14.83828    0.000000
 -14.83028    0.000000
 -14.82227    0.000000
 -14.81427    0.000000
 -14.80627    0.000000
 -14.79827    0.000000
 -14.79026    0.000000
 -14.78226    0.000000
 -14.77426    0.000000
 -14.76626    0.000000
 -14.75825    0.000000
 -14.75025    0.000000
 -14.74225    0.000000
 -14.73424    0.000000
 -14.72624    0.000000
 -14.71824    0.000000
 -14.71024    0.000000
 -14.70223    0.000000
 -14.69423    0.000000
 -14.68623    0.000000
 -14.67823    0.000000
 -14.67022    0.000000
 -14.66222    0.000000
 -14.65422    0.000000
 -14.64622    0.000000
 -14.63821    0.000000
 -14.63021    0.000000
 -14.62221    0.000000
 -14.61420    0.000000
 -14.60620    0.000000
 -14.59820    0.000000
 -14.59020    0.000000
 -14.58219    0.000000
 -14.57419    0.000000
 -14.56619    0.000000
 -14.55819    0.000000
 -14.55018    0.000000
 -14.54218    0.000000
 -14.53418    0.000000
 -14.52618    0.000001
 -14.51817    0.000008
 -14.51017    0.000047
 -14.50217    0.000250
 -14.49416    0.001145
 -14.48616    0.004549
 -14.47816    0.015675
 -14.47016    0.046860
 -14.46215    0.121534
 -14.45415    0.273466
 -14.44615    0.533847
 -14.43815    0.904145
 -14.43014    1.328517
 -14.42214    1.693575
 -14.41414    1.873050
 -14.40614    1.797224
 -14.39813    1.496108
 -14.39013    1.080518
 -14.38213    0.677031
 -14.37412    0.368038
 -14.36612    0.173574
 -14.35812    0.071021
 -14.35012    0.025211
 -14.34211    0.007764
 -14.33411    0.002075
 -14.32611    0.000481
 -14.31811    0.000097
 -14.31010    0.000017
 -14.30210    0.000003
 -14.29410    0.000000
 -14.28610    0.000000
 -14.27809    0.000000
 -14.27009    0.000000
 -14.26209    0.000000
 -14.25408    0.000000
 -14.24608    0.000000
 -14.23808    0.000000
 -14.23008    0.000000
 -14.22207    0.000000
 -14.21407    0.000000
 -14.20607    0.000000
 -14.19807    0.000000
 -14.19006    0.000000
 -14.18206    0.000000
 -14.17406    0.000000
 -14.16606    0.000000
 -14.15805    0.000000
 -14.15005    0.000000
 -14.14205    0.000000
 -14.13404    0.000000
 -14.12604    0.000000
 -14.11804    0.000000
 -14.11004    0.000000
 -14.10203    0.000000
 -14.09403    0.000000
 -14.08603    0.000000
 -14.07803    0.000000
 -14.07002    0.000000
 -14.06202    0.000000
 -14.05402    0.000000
 -14.04602    0.000000
 -14.03801    0.000000
 -14.03001    0.000000
 -14.02201    0.000000
 -14.01400    0.000000
 -14.00600    0.000000
 -13.99800    0.000000
 -13.99000    0.000000
 -13.98199    0.000000
 -13.97399    0.000000
 -13.96599    0.000000
 -13.95799    0.000000
 -13.94998    0.000000
 -13.94198    0.000000
 -13.93398    0.000000
 -13.92598    0.000000
 -13.91797    0.000000
 -13.90997    0.000000
 -13.90197    0.000000
 -13.89396    0.000000
 -13.88596    0.000000
 -13.87796    0.000000
 -13.86996    0.000000
 -13.86195    0.000000
 -13.85395    0.000000
 -13.84595    0.000000
 -13.83795    0.000000
 -13.82994    0.000000
 -13.82194    0.000000
 -13.81394    0.000000
 -13.80594    0.000000
 -13.79793    0.000000
 -13.78993    0.000000
 -13.78193    0.000000
 -13.77392    0.000000
 -13.76592    0.000000
 -13.75792    0.000000
 -13.74992    0.000000
 -13.74191    0.000000
 -13.73391    0.000000
 -13.72591    0.000000
 -13.71791    0.000000
 -13.70990    0.000000
 -13.70190    0.000000
 -13.69390    0.000000
 -13.68590    0.000000
 -13.67789    0.000000
 -13.66989    0.000000
 -13.66189    0.000000
 -13.65388    0.000000
 -13.64588    0.000000
 -13.63788    0.000000
 -13.62988    0.000000
 -13.62187    0.000000
 -13.61387    0.000000
 -13.60587    0.000000
 -13.59787    0.000000
 -13.58986    0.000000
 -13.58186    0.000000
 -13.57386    0.000000
 -13.56586    0.000000
 -13.55785    0.000000
 -13.54985    0.000000
 -13.54185    0.000000
 -13.53384    0.000000
 -13.52584    0.000000
 -13.51784    0.000000
 -13.50984    0.000000
 -13.50183    0.000000
 -13.49383    0.000000
 -13.48583    0.000000
 -13.47783    0.000000
 -13.46982    0.000000
 -13.46182    0.000000
 -13.45382    0.000000
 -13.44582    0.000000
 -13.43781    0.000000
 -13.42981    0.000000
 -13.42181    0.000000
 -13.41380    0.000000
 -13.40580    0.000000
 -13.39780    0.000000
 -13.38980    0.000000
 -13.38179    0.000000
 -13.37379    0.000000
 -13.36579    0.000000
 -13.35779    0.000000
 -13.34978    0.000000
 -13.34178    0.000000
 -13.33378    0.000000
 -13.32578    0.000000
 -13.31777    0.000000
 -13.30977    0.000000
 -13.30177    0.000000
 -13.29376    0.000000
 -13.28576    0.000000
 -13.27776    0.000000
 -13.26976    0.000000
 -13.26175    0.000000
 -13.25375    0.000000
 -13.24575    0.000000
 -13.23775    0.000000
 -13.22974    0.000000
 -13.22174    0.000000
 -13.21374    0.000000
 -13.20574    0.000000
 -13.19773    0.000000
 -13.18973    0.000000
 -13.18173    0.000000
 -13.17372    0.000000
 -13.16572    0.000000
 -13.15772    0.000000
 -13.14972    0.000000
 -13.14171    0.000000
 -13.13371    0.000000
 -13.12571    0.000000
 -13.11771    0.000000
 -13.10970    0.000000
 -13.10170    0.000000
 -13.09370    0.000000
 -13.08570    0.000000
 -13.07769    0.000000
 -13.06969    0.000000
 -13.06169    0.000000
 -13.05368    0.000000
 -13.04568    0.000000
 -13.03768    0.000000
 -13.02968    0.000000
 -13.02167    0.000000
 -13.01367    0.000000
 -13.00567    0.000000
 -12.99767    0.000000
 -12.98966    0.000000
 -12.98166    0.000000
 -12.97366    0.000000
 -12.96566    0.000000
 -12.95765    0.000000
 -12.94965    0.000000
 -12.94165    0.000000
 -12.93364    0.000000
 -12.92564    0.000000
 -12.91764    0.000000
 -12.90964    0.000000
 -12.90163    0.000000
 -12.89363    0.000000
 -12.88563    0.000000
 -12.87763    0.000000
 -12.86962    0.000000
 -12.86162    0.000000
 -12.85362    0.000000
 -12.84562    0.000000
 -12.83761    0.000000
 -12.82961    0.000000
 -12.82161    0.000000
 -12.81360    0.000000
 -12.80560    0.000000
 -12.79760    0.000000
 -12.78960    0.000000
 -12.78159    0.000000
 -12.77359    0.000000
 -12.76559    0.000000
 -12.75759    0.000000
 -12.74958    0.000000
 -12.74158    0.000000
 -12.73358    0.000000
 -12.72558    0.000000
 -12.71757    0.000000
 -12.70957    0.000000
 -12.70157    0.000000
 -12.69356    0.000000
 -12.68556    0.000000
 -12.67756    0.000000
 -12.66956    0.000000
 -12.66155    0.000000
 -12.65355    0.000000
 -12.64555    0.000000
 -12.63755    0.000000
 -12.62954    0.000000
 -12.62154    0.000000
 -12.61354    0.000000
 -12.60554    0.000000
 -12.59753    0.000000
 -12.58953    0.000000
 -12.58153    0.000000
 -12.57352    0.000000
 -12.56552    0.000000
 -12.55752    0.000000
 -12.54952    0.000000
 -12.54151    0.000000
 -12.53351    0.000000
 -12.52551    0.000000
 -12.51751    0.000000
 -12.50950    0.000000
 -12.50150    0.000000
 -12.49350    0.000000
 -12.48550    0.000000
 -12.47749    0.000000
 -12.46949    0.000000
 -12.46149    0.000000
 -12.45348    0.000000
 -12.44548    0.000000
 -12.43748    0.000000
 -12.42948    0.000000
 -12.42147    0.000000
 -12.41347    0.000000
 -12.40547    0.000000
 -12.39747    0.000000
 -12.38946    0.000000
 -12.38146    0.000000
 -12.37346    0.000000
 -12.36546    0.000000
 -12.35745    0.000000
 -12.34945    0.000000
 -12.34145    0.000000
 -12.33344    0.000000
 -12.32544    0.000000
 -12.31744    0.000000
 -12.30944    0.000000
 -12.30143    0.000000
 -12.29343    0.000000
 -12.28543    0.000000
 -12.27743    0.000000
 -12.26942    0.000000
 -12.26142    0.000000
 -12.25342    0.000000
 -12.24542    0.000000
 -12.23741    0.000000
 -12.22941    0.000000
 -12.22141    0.000000
 -12.21340    0.000000
 -12.20540    0.000000
 -12.19740    0.000000
 -12.18940    0.000000
 -12.18139    0.000000
 -12.17339    0.000000
 -12.16539    0.000000
 -12.15739    0.000000
 -12.14938    0.000000
 -12.14138    0.000000
 -12.13338    0.000000
 -12.12538    0.000000
 -12.11737    0.000000
 -12.10937    0.000000
 -12.10137    0.000000
 -12.09336    0.000000
 -12.08536    0.000000
 -12.07736    0.000000
 -12.06936    0.000000
 -12.06135    0.000000
 -12.05335    0.000000
 -12.04535    0.000000
 -12.03735    0.000000
 -12.02934    0.000000
 -12.02134    0.000000
 -12.01334    0.000000
 -12.00534    0.000000
 -11.99733    0.000000
 -11.98933    0.000000
 -11.98133    0.000000
 -11.97332    0.000000
 -11.96532    0.000000
 -11.95732    0.000000
 -11.94932    0.000000
 -11.94131    0.000000
 -11.93331    0.000000
 -11.92531    0.000000
 -11.91731    0.000000
 -11.90930    0.000000
 -11.90130    0.000000
 -11.89330    0.000000
 -11.88530    0.000000
 -11.87729    0.000000
 -11.86929    0.000000
 -11.86129    0.000000
 -11.85328    0.000000
 -11.84528    0.000000
 -11.83728    0.000000
 -11.82928    0.000000
 -11.82127    0.000000
 -11.81327    0.000000
 -11.80527    0.000000
 -11.79727    0.000000
 -11.78926    0.000000
 -11.78126    0.000000
 -11.77326    0.000000
 -11.76526    0.000000
 -11.75725    0.000000
 -11.74925    0.000000
 -11.74125    0.000000
 -11.73324    0.000000
 -11.72524    0.000000
 -11.71724    0.000000
 -11.70924    0.000000
 -11.70123    0.000000
 -11.69323    0.000000
 -11.68523    0.000000
 -11.67723    0.000000
 -11.66922    0.000000
 -11.66122    0.000000
 -11.65322    0.000000
 -11.64522    0.000000
 -11.63721    0.000000
 -11.62921    0.000000
 -11.62121    0.000000
 -11.61320    0.000000
 -11.60520    0.000000
 -11.59720    0.000000
 -11.58920    0.000000
 -11.58119    0.000000
 -11.57319    0.000000
 -11.56519    0.000000
 -11.55719    0.000000
 -11.54918    0.000000
 -11.54118    0.000000
 -11.53318    0.000000
 -11.52518    0.000000
 -11.51717    0.000000
 -11.50917    0.000000
 -11.50117    0.000000
 -11.49316    0.000000
 -11.48516    0.000000
 -11.47716    0.000000
 -11.46916    0.000000
 -11.46115    0.000000
 -11.45315    0.000000
 -11.44515    0.000000
 -11.43715    0.000000
 -11.42914    0.000000
 -11.42114    0.000000
 -11.41314    0.000000
 -11.40514    0.000000
 -11.39713    0.000000
 -11.38913    0.000000
 -11.38113    0.000000
 -11.37312    0.000000
 -11.36512    0.000000
 -11.35712    0.000000
 -11.34912    0.000000
 -11.34111    0.000000
 -11.33311    0.000000
 -11.32511    0.000000
 -11.31711    0.000000
 -11.30910    0.000000
 -11.30110    0.000000
 -11.29310    0.000000
 -11.28510    0.000000
 -11.27709    0.000000
 -11.26909    0.000000
 -11.26109    0.000000
 -11.25308    0.000000
 -11.24508    0.000000
 -11.23708    0.000000
 -11.22908    0.000000
 -11.22107    0.000000
 -11.21307    0.000000
 -11.20507    0.000000
 -11.19707    0.000000
 -11.18906    0.000000
 -11.18106    0.000000
 -11.17306    0.000000
 -11.16506    0.000000
 -11.15705    0.000000
 -11.14905    0.000000
 -11.14105    0.000000
 -11.13304    0.000000
 -11.12504    0.000000
 -11.11704    0.000000
 -11.10904    0.000000
 -11.10103    0.000000
 -11.09303    0.000000
 -11.08503    0.000000
 -11.07703    0.000000
 -11.06902    0.000000
 -11.06102    0.000000
 -11.05302    0.000000
 -11.04502    0.000000
 -11.03701    0.000000
 -11.02901    0.000000
 -11.02101    0.000000
 -11.01300    0.000000
 -11.00500    0.000000
 -10.99700    0.000000
 -10.98900    0.000000
 -10.98099    0.000000
 -10.97299    0.000000
 -10.96499    0.000000
 -10.95699    0.000000
 -10.94898    0.000000
 -10.94098    0.000000
 -10.93298    0.000000
 -10.92497    0.000000
 -10.91697    0.000000
 -10.90897    0.000000
 -10.90097    0.000000
 -10.89296    0.000000
 -10.88496    0.000000
 -10.87696    0.000000
 -10.86896    0.000000
 -10.86095    0.000000
 -10.85295    0.000000
 -10.84495    0.000000
 -10.83695    0.000000
 -10.82894    0.000000
 -10.82094    0.000000
 -10.81294    0.000000
 -10.80493    0.000000
 -10.79693    0.000000
 -10.78893    0.000000
 -10.78093    0.000000
 -10.77292    0.000000
 -10.76492    0.000000
 -10.75692    0.000000
 -10.74892    0.000000
 -10.74091    0.000000
 -10.73291    0.000000
 -10.72491    0.000000
 -10.71691    0.000000
 -10.70890    0.000000
 -10.70090    0.000000
 -10.69290    0.000000
 -10.68489    0.000000
 -10.67689    0.000000
 -10.66889    0.000000
 -10.66089    0.000000
 -10.65288    0.000000
 -10.64488    0.000000
 -10.63688    0.000000
 -10.62888    0.000000
 -10.62087    0.000000
 -10.61287    0.000000
 -10.60487    0.000000
 -10.59687    0.000000
 -10.58886    0.000000
 -10.58086    0.000000
 -10.57286    0.000000
 -10.56485    0.000000
 -10.55685    0.000000
 -10.54885    0.000000
 -10.54085    0.000000
 -10.53284    0.000000
 -10.52484    0.000000
 -10.51684    0.000000
 -10.50884    0.000000
 -10.50083    0.000000
 -10.49283    0.000000
 -10.48483    0.000000
 -10.47683    0.000000
 -10.46882    0.000000
 -10.46082    0.000000
 -10.45282    0.000000
 -10.44481    0.000000
 -10.43681    0.000000
 -10.42881    0.000000
 -10.42081    0.000000
 -10.41280    0.000002
 -10.40480    0.000013
 -10.39680    0.000076
 -10.38880    0.000386
 -10.38079    0.001699
 -10.37279    0.006495
 -10.36479    0.021559
 -10.35679    0.062168
 -10.34878    0.155954
 -10.34078    0.341171
 -10.33278    0.653987
 -10.32477    1.108483
 -10.31677    1.689015
 -10.30877    2.377590
 -10.30077    3.208093
 -10.29276    4.290240
 -10.28476    5.738089
 -10.27676    7.512658
 -10.26876    9.297228
 -10.26075   10.550424
 -10.25275   10.762152
 -10.24475    9.755156
 -10.23675    7.806402
 -10.22874    5.493989
 -10.22074    3.392222
 -10.21274    1.834426
 -10.20473    0.867724
 -10.19673    0.358669
 -10.18873    0.129445
 -10.18073    0.040764
 -10.17272    0.011195
 -10.16472    0.002680
 -10.15672    0.000559
 -10.14872    0.000102
 -10.14071    0.000016
 -10.13271    0.000002
 -10.12471    0.000000
 -10.11671    0.000000
 -10.10870    0.000000
 -10.10070    0.000000
 -10.09270    0.000000
 -10.08469    0.000000
 -10.07669    0.000000
 -10.06869    0.000000
 -10.06069    0.000000
 -10.05268    0.000000
 -10.04468    0.000000
 -10.03668    0.000000
 -10.02868    0.000000
 -10.02067    0.000000
 -10.01267    0.000000
 -10.00467    0.000000
  -9.99667    0.000000
  -9.98866    0.000000
  -9.98066    0.000000
  -9.97266    0.000000
  -9.96465    0.000000
  -9.95665    0.000000
  -9.94865    0.000000
  -9.94065    0.000000
  -9.93264    0.000000
  -9.92464    0.000000
  -9.91664    0.000000
  -9.90864    0.000000
  -9.90063    0.000000
  -9.89263    0.000000
  -9.88463    0.000000
  -9.87663    0.000000
  -9.86862    0.000000
  -9.86062    0.000000
  -9.85262    0.000000
  -9.84461    0.000000
  -9.83661    0.000000
  -9.82861    0.000000
  -9.82061    0.000000
  -9.81260    0.000000
  -9.80460    0.000000
  -9.79660    0.000000
  -9.78860    0.000000
  -9.78059    0.000000
  -9.77259    0.000000
  -9.76459    0.000000
  -9.75659    0.000000
  -9.74858    0.000000
  -9.74058    0.000000
  -9.73258    0.000000
  -9.72457    0.000000
  -9.71657    0.000000
  -9.70857    0.000000
  -9.70057    0.000000
  -9.69256    0.000000
  -9.68456    0.000000
  -9.67656    0.000000
  -9.66856    0.000000
  -9.66055    0.000000
  -9.65255    0.000000
  -9.64455    0.000000
  -9.63655    0.000000
  -9.62854    0.000000
  -9.62054    0.000000
  -9.61254    0.000000
  -9.60453    0.000000
  -9.59653    0.000000
  -9.58853    0.000000
  -9.58053    0.000000
  -9.57252    0.000000
  -9.56452    0.000000
  -9.55652    0.000000
  -9.54852    0.000000
  -9.54051    0.000000
  -9.53251    0.000000
  -9.52451    0.000000
  -9.51651    0.000000
  -9.50850    0.000000
  -9.50050    0.000000
  -9.49250    0.000000
  -9.48449    0.000000
  -9.47649    0.000000
  -9.46849    0.000000
  -9.46049    0.000000
  -9.45248    0.000000
  -9.44448    0.000000
  -9.43648    0.000000
  -9.42848    0.000000
  -9.42047    0.000000
  -9.41247    0.000000
  -9.40447    0.000000
  -9.39647    0.000000
  -9.38846    0.000000
  -9.38046    0.000000
  -9.37246    0.000000
  -9.36445    0.000000
  -9.35645    0.000000
  -9.34845    0.000000
  -9.34045    0.000000
  -9.33244    0.000000
  -9.32444    0.000000
  -9.31644    0.000000
  -9.30844    0.000000
  -9.30043    0.000000
  -9.29243    0.000000
  -9.28443    0.000000
  -9.27643    0.000000
  -9.26842    0.000000
  -9.26042    0.000000
  -9.25242    0.000000
  -9.24441    0.000000
  -9.23641    0.000000
  -9.22841    0.000000
  -9.22041    0.000000
  -9.21240    0.000000
  -9.20440    0.000000
  -9.19640    0.000000
  -9.18840    0.000000
  -9.18039    0.000000
  -9.17239    0.000000
  -9.16439    0.000000
  -9.15639    0.000000
  -9.14838    0.000000
  -9.14038    0.000000
  -9.13238    0.000000
  -9.12437    0.000000
  -9.11637    0.000000
  -9.10837    0.000000
  -9.10037    0.000000
  -9.09236    0.000000
  -9.08436    0.000000
  -9.07636    0.000000
  -9.06836    0.000000
  -9.06035    0.000000
  -9.05235    0.000000
  -9.04435    0.000000
  -9.03635    0.000000
  -9.02834    0.000000
  -9.02034    0.000000
  -9.01234    0.000000
  -9.00433    0.000000
  -8.99633    0.000000
  -8.98833    0.000000
  -8.98033    0.000000
  -8.97232    0.000000
  -8.96432    0.000000
  -8.95632    0.000000
  -8.94832    0.000000
  -8.94031    0.000000
  -8.93231    0.000000
  -8.92431    0.000000
  -8.91631    0.000000
  -8.90830    0.000000
  -8.90030    0.000000
  -8.89230    0.000000
  -8.88429    0.000000
  -8.87629    0.000000
  -8.86829    0.000000
  -8.86029    0.000000
  -8.85228    0.000000
  -8.84428    0.000000
  -8.83628    0.000000
  -8.82828    0.000000
  -8.82027    0.000000
  -8.81227    0.000000
  -8.80427    0.000000
  -8.79627    0.000000
  -8.78826    0.000000
  -8.78026    0.000000
  -8.77226    0.000000
  -8.76425    0.000000
  -8.75625    0.000000
  -8.74825    0.000000
  -8.74025    0.000000
  -8.73224    0.000000
  -8.72424    0.000000
  -8.71624    0.000000
  -8.70824    0.000000
  -8.70023    0.000000
  -8.69223    0.000000
  -8.68423    0.000000
  -8.67623    0.000000
  -8.66822    0.000000
  -8.66022    0.000000
  -8.65222    0.000000
  -8.64421    0.000000
  -8.63621    0.000000
  -8.62821    0.000000
  -8.62021    0.000000
  -8.61220    0.000000
  -8.60420    0.000000
  -8.59620    0.000000
  -8.58820    0.000000
  -8.58019    0.000000
  -8.57219    0.000000
  -8.56419    0.000000
  -8.55619    0.000000
  -8.54818    0.000000
  -8.54018    0.000000
  -8.53218    0.000000
  -8.52417    0.000000
  -8.51617    0.000000
  -8.50817    0.000000
  -8.50017    0.000000
  -8.49216    0.000000
  -8.48416    0.000000
  -8.47616    0.000000
  -8.46816    0.000000
  -8.46015    0.000000
  -8.45215    0.000000
  -8.44415    0.000000
  -8.43615    0.000000
  -8.42814    0.000000
  -8.42014    0.000000
  -8.41214    0.000000
  -8.40413    0.000000
  -8.39613    0.000000
  -8.38813    0.000000
  -8.38013    0.000000
  -8.37212    0.000000
  -8.36412    0.000000
  -8.35612    0.000000
  -8.34812    0.000000
  -8.34011    0.000000
  -8.33211    0.000000
  -8.32411    0.000000
  -8.31611    0.000000
  -8.30810    0.000000
  -8.30010    0.000000
  -8.29210    0.000000
  -8.28409    0.000000
  -8.27609    0.000000
  -8.26809    0.000000
  -8.26009    0.000000
  -8.25208    0.000000
  -8.24408    0.000000
  -8.23608    0.000000
  -8.22808    0.000000
  -8.22007    0.000000
  -8.21207    0.000000
  -8.20407    0.000000
  -8.19607    0.000000
  -8.18806    0.000000
  -8.18006    0.000000
  -8.17206    0.000000
  -8.16405    0.000000
  -8.15605    0.000000
  -8.14805    0.000000
  -8.14005    0.000000
  -8.13204    0.000000
  -8.12404    0.000000
  -8.11604    0.000000
  -8.10804    0.000000
  -8.10003    0.000000
  -8.09203    0.000000
  -8.08403    0.000000
  -8.07603    0.000000
  -8.06802    0.000000
  -8.06002    0.000000
  -8.05202    0.000000
  -8.04401    0.000000
  -8.03601    0.000000
  -8.02801    0.000000
  -8.02001    0.000000
  -8.01200    0.000000
  -8.00400    0.000000
  -7.99600    0.000000
  -7.98800    0.000000
  -7.97999    0.000000
  -7.97199    0.000000
  -7.96399    0.000000
  -7.95599    0.000000
  -7.94798    0.000000
  -7.93998    0.000000
  -7.93198    0.000000
  -7.92397    0.000000
  -7.91597    0.000000
  -7.90797    0.000000
  -7.89997    0.000000
  -7.89196    0.000000
  -7.88396    0.000000
  -7.87596    0.000000
  -7.86796    0.000000
  -7.85995    0.000000
  -7.85195    0.000000
  -7.84395    0.000000
  -7.83595    0.000000
  -7.82794    0.000000
  -7.81994    0.000000
  -7.81194    0.000000
  -7.80393    0.000000
  -7.79593    0.000000
  -7.78793    0.000000
  -7.77993    0.000000
  -7.77192    0.000000
  -7.76392    0.000000
  -7.75592    0.000000
  -7.74792    0.000000
  -7.73991    0.000000
  -7.73191    0.000000
  -7.72391    0.000000
  -7.71591    0.000000
  -7.70790    0.000000
  -7.69990    0.000000
  -7.69190    0.000000
  -7.68389    0.000000
  -7.67589    0.000000
  -7.66789    0.000000
  -7.65989    0.000000
  -7.65188    0.000000
  -7.64388    0.000000
  -7.63588    0.000000
  -7.62788    0.000000
  -7.61987    0.000000
  -7.61187    0.000000
  -7.60387    0.000000
  -7.59587    0.000000
  -7.58786    0.000000
  -7.57986    0.000000
  -7.57186    0.000000
  -7.56385    0.000000
  -7.55585    0.000000
  -7.54785    0.000000
  -7.53985    0.000000
  -7.53184    0.000000
  -7.52384    0.000000
  -7.51584    0.000000
  -7.50784    0.000000
  -7.49983    0.000000
  -7.49183    0.000000
  -7.48383    0.000000
  -7.47583    0.000000
  -7.46782    0.000000
  -7.45982    0.000000
  -7.45182    0.000000
  -7.44381    0.000000
  -7.43581    0.000000
  -7.42781    0.000000
  -7.41981    0.000000
  -7.41180    0.000000
  -7.40380    0.000000
  -7.39580    0.000000
  -7.38780    0.000000
  -7.37979    0.000000
  -7.37179    0.000000
  -7.36379    0.000000
  -7.35579    0.000000
  -7.34778    0.000000
  -7.33978    0.000000
  -7.33178    0.000000
  -7.32377    0.000000
  -7.31577    0.000000
  -7.30777    0.000000
  -7.29977    0.000000
  -7.29176    0.000000
  -7.28376    0.000000
  -7.27576    0.000000
  -7.26776    0.000000
  -7.25975    0.000000
  -7.25175    0.000000
  -7.24375    0.000000
  -7.23575    0.000000
  -7.22774    0.000000
  -7.21974    0.000000
  -7.21174    0.000000
  -7.20373    0.000000
  -7.19573    0.000000
  -7.18773    0.000000
  -7.17973    0.000000
  -7.17172    0.000000
  -7.16372    0.000000
  -7.15572    0.000000
  -7.14772    0.000000
  -7.13971    0.000000
  -7.13171    0.000000
  -7.12371    0.000000
  -7.11571    0.000000
  -7.10770    0.000000
  -7.09970    0.000000
  -7.09170    0.000000
  -7.08369    0.000000
  -7.07569    0.000000
  -7.06769    0.000000
  -7.05969    0.000000
  -7.05168    0.000000
  -7.04368    0.000000
  -7.03568    0.000000
  -7.02768    0.000000
  -7.01967    0.000000
  -7.01167    0.000000
  -7.00367    0.000000
  -6.99567    0.000000
  -6.98766    0.000000
  -6.97966    0.000000
  -6.97166    0.000000
  -6.96365    0.000000
  -6.95565    0.000000
  -6.94765    0.000000
  -6.93965    0.000000
  -6.93164    0.000000
  -6.92364    0.000000
  -6.91564    0.000000
  -6.90764    0.000000
  -6.89963    0.000000
  -6.89163    0.000000
  -6.88363    0.000000
  -6.87563    0.000000
  -6.86762    0.000000
  -6.85962    0.000000
  -6.85162    0.000000
  -6.84361    0.000000
  -6.83561    0.000000
  -6.82761    0.000000
  -6.81961    0.000000
  -6.81160    0.000000
  -6.80360    0.000000
  -6.79560    0.000000
  -6.78760    0.000000
  -6.77959    0.000000
  -6.77159    0.000000
  -6.76359    0.000000
  -6.75559    0.000000
  -6.74758    0.000000
  -6.73958    0.000000
  -6.73158    0.000000
  -6.72357    0.000000
  -6.71557    0.000000
  -6.70757    0.000000
  -6.69957    0.000000
  -6.69156    0.000000
  -6.68356    0.000000
  -6.67556    0.000000
  -6.66756    0.000000
  -6.65955    0.000000
  -6.65155    0.000000
  -6.64355    0.000000
  -6.63555    0.000000
  -6.62754    0.000000
  -6.61954    0.000000
  -6.61154    0.000000
  -6.60353    0.000000
  -6.59553    0.000000
  -6.58753    0.000000
  -6.57953    0.000000
  -6.57152    0.000000
  -6.56352    0.000000
  -6.55552    0.000000
  -6.54752    0.000000
  -6.53951    0.000000
  -6.53151    0.000000
  -6.52351    0.000000
  -6.51551    0.000000
  -6.50750    0.000000
  -6.49950    0.000000
  -6.49150    0.000000
  -6.48349    0.000000
  -6.47549    0.000000
  -6.46749    0.000000
  -6.45949    0.000000
  -6.45148    0.000000
  -6.44348    0.000000
  -6.43548    0.000000
  -6.42748    0.000000
  -6.41947    0.000000
  -6.41147    0.000000
  -6.40347    0.000000
  -6.39547    0.000000
  -6.38746    0.000000
  -6.37946    0.000000
  -6.37146    0.000000
  -6.36345    0.000000
  -6.35545    0.000000
  -6.34745    0.000000
  -6.33945    0.000000
  -6.33144    0.000000
  -6.32344    0.000000
  -6.31544    0.000000
  -6.30744    0.000000
  -6.29943    0.000000
  -6.29143    0.000000
  -6.28343    0.000000
  -6.27543    0.000000
  -6.26742    0.000000
  -6.25942    0.000000
  -6.25142    0.000000
  -6.24341    0.000000
  -6.23541    0.000000
  -6.22741    0.000000
  -6.21941    0.000000
  -6.21140    0.000000
  -6.20340    0.000000
  -6.19540    0.000000
  -6.18740    0.000000
  -6.17939    0.000000
  -6.17139    0.000000
  -6.16339    0.000000
  -6.15539    0.000000
  -6.14738    0.000000
  -6.13938    0.000000
  -6.13138    0.000000
  -6.12337    0.000000
  -6.11537    0.000000
  -6.10737    0.000000
  -6.09937    0.000000
  -6.09136    0.000000
  -6.08336    0.000000
  -6.07536    0.000000
  -6.06736    0.000000
  -6.05935    0.000000
  -6.05135    0.000000
  -6.04335    0.000000
  -6.03535    0.000000
  -6.02734    0.000000
  -6.01934    0.000000
  -6.01134    0.000000
  -6.00333    0.000000
  -5.99533    0.000000
  -5.98733    0.000000
  -5.97933    0.000000
  -5.97132    0.000000
  -5.96332    0.000000
  -5.95532    0.000000
  -5.94732    0.000000
  -5.93931    0.000000
  -5.93131    0.000000
  -5.92331    0.000000
  -5.91531    0.000000
  -5.90730    0.000000
  -5.89930    0.000000
  -5.89130    0.000000
  -5.88329    0.000000
  -5.87529    0.000000
  -5.86729    0.000000
  -5.85929    0.000000
  -5.85128    0.000000
  -5.84328    0.000000
  -5.83528    0.000000
  -5.82728    0.000000
  -5.81927    0.000000
  -5.81127    0.000000
  -5.80327    0.000000
  -5.79527    0.000000
  -5.78726    0.000000
  -5.77926    0.000000
  -5.77126    0.000000
  -5.76325    0.000000
  -5.75525    0.000000
  -5.74725    0.000000
  -5.73925    0.000000
  -5.73124    0.000000
  -5.72324    0.000000
  -5.71524    0.000000
  -5.70724    0.000000
  -5.69923    0.000000
  -5.69123    0.000000
  -5.68323    0.000000
  -5.67523    0.000000
  -5.66722    0.000000
  -5.65922    0.000000
  -5.65122    0.000000
  -5.64321    0.000000
  -5.63521    0.000000
  -5.62721    0.000000
  -5.61921    0.000000
  -5.61120    0.000000
  -5.60320    0.000000
  -5.59520    0.000000
  -5.58720    0.000000
  -5.57919    0.000000
  -5.57119    0.000000
  -5.56319    0.000000
  -5.55519    0.000000
  -5.54718    0.000000
  -5.53918    0.000000
  -5.53118    0.000000
  -5.52317    0.000000
  -5.51517    0.000000
  -5.50717    0.000000
  -5.49917    0.000000
  -5.49116    0.000000
  -5.48316    0.000000
  -5.47516    0.000000
  -5.46716    0.000000
  -5.45915    0.000000
  -5.45115    0.000000
  -5.44315    0.000000
  -5.43515    0.000000
  -5.42714    0.000000
  -5.41914    0.000000
  -5.41114    0.000000
  -5.40313    0.000000
  -5.39513    0.000000
  -5.38713    0.000000
  -5.37913    0.000000
  -5.37112    0.000000
  -5.36312    0.000000
  -5.35512    0.000000
  -5.34712    0.000000
  -5.33911    0.000000
  -5.33111    0.000000
  -5.32311    0.000000
  -5.31511    0.000000
  -5.30710    0.000000
  -5.29910    0.000000
  -5.29110    0.000000
  -5.28309    0.000000
  -5.27509    0.000000
  -5.26709    0.000000
  -5.25909    0.000000
  -5.25108    0.000000
  -5.24308    0.000000
  -5.23508    0.000000
  -5.22708    0.000000
  -5.21907    0.000000
  -5.21107    0.000000
  -5.20307    0.000000
  -5.19507    0.000000
  -5.18706    0.000000
  -5.17906    0.000000
  -5.17106    0.000000
  -5.16305    0.000000
  -5.15505    0.000000
  -5.14705    0.000000
  -5.13905    0.000000
  -5.13104    0.000000
  -5.12304    0.000000
  -5.11504    0.000000
  -5.10704    0.000000
  -5.09903    0.000000
  -5.09103    0.000000
  -5.08303    0.000000
  -5.07503    0.000000
  -5.06702    0.000000
  -5.05902    0.000000
  -5.05102    0.000000
  -5.04301    0.000000
  -5.03501    0.000000
  -5.02701    0.000000
  -5.01901    0.000000
  -5.01100    0.000000
  -5.00300    0.000000
  -4.99500    0.000000
  -4.98700    0.000000
  -4.97899    0.000000
  -4.97099    0.000000
  -4.96299    0.000000
  -4.95498    0.000000
  -4.94698    0.000000
  -4.93898    0.000000
  -4.93098    0.000000
  -4.92297    0.000000
  -4.91497    0.000000
  -4.90697    0.000000
  -4.89897    0.000000
  -4.89096    0.000000
  -4.88296    0.000000
  -4.87496    0.000000
  -4.86696    0.000000
  -4.85895    0.000000
  -4.85095    0.000000
  -4.84295    0.000000
  -4.83494    0.000000
  -4.82694    0.000000
  -4.81894    0.000000
  -4.81094    0.000000
  -4.80293    0.000000
  -4.79493    0.000000
  -4.78693    0.000000
  -4.77893    0.000000
  -4.77092    0.000000
  -4.76292    0.000000
  -4.75492    0.000000
  -4.74692    0.000000
  -4.73891    0.000000
  -4.73091    0.000000
  -4.72291    0.000000
  -4.71490    0.000000
  -4.70690    0.000000
  -4.69890    0.000000
  -4.69090    0.000000
  -4.68289    0.000000
  -4.67489    0.000000
  -4.66689    0.000000
  -4.65889    0.000000
  -4.65088    0.000000
  -4.64288    0.000000
  -4.63488    0.000000
  -4.62688    0.000000
  -4.61887    0.000000
  -4.61087    0.000000
  -4.60287    0.000000
  -4.59486    0.000000
  -4.58686    0.000000
  -4.57886    0.000000
  -4.57086    0.000000
  -4.56285    0.000000
  -4.55485    0.000000
  -4.54685    0.000000
  -4.53885    0.000000
  -4.53084    0.000000
  -4.52284    0.000000
  -4.51484    0.000000
  -4.50684    0.000000
  -4.49883    0.000000
  -4.49083    0.000000
  -4.48283    0.000000
  -4.47482    0.000000
  -4.46682    0.000000
  -4.45882    0.000000
  -4.45082    0.000000
  -4.44281    0.000000
  -4.43481    0.000000
  -4.42681    0.000000
  -4.41881    0.000000
  -4.41080    0.000000
  -4.40280    0.000000
  -4.39480    0.000000
  -4.38680    0.000000
  -4.37879    0.000000
  -4.37079    0.000000
  -4.36279    0.000000
  -4.35478    0.000000
  -4.34678    0.000000
  -4.33878    0.000000
  -4.33078    0.000000
  -4.32277    0.000000
  -4.31477    0.000000
  -4.30677    0.000000
  -4.29877    0.000000
  -4.29076    0.000000
  -4.28276    0.000000
  -4.27476    0.000000
  -4.26676    0.000000
  -4.25875    0.000000
  -4.25075    0.000000
  -4.24275    0.000000
  -4.23474    0.000000
  -4.22674    0.000000
  -4.21874    0.000000
  -4.21074    0.000000
  -4.20273    0.000000
  -4.19473    0.000000
  -4.18673    0.000000
  -4.17873    0.000000
  -4.17072    0.000000
  -4.16272    0.000000
  -4.15472    0.000000
  -4.14672    0.000000
  -4.13871    0.000000
  -4.13071    0.000000
  -4.12271    0.000000
  -4.11470    0.000000
  -4.10670    0.000000
  -4.09870    0.000000
  -4.09070    0.000000
  -4.08269    0.000000
  -4.07469    0.000000
  -4.06669    0.000000
  -4.05869    0.000000
  -4.05068    0.000000
  -4.04268    0.000000
  -4.03468    0.000000
  -4.02668    0.000000
  -4.01867    0.000000
  -4.01067    0.000000
  -4.00267    0.000000
  -3.99466    0.000000
  -3.98666    0.000000
  -3.97866    0.000000
  -3.97066    0.000000
  -3.96265    0.000000
  -3.95465    0.000000
  -3.94665    0.000000
  -3.93865    0.000000
  -3.93064    0.000000
  -3.92264    0.000000
  -3.91464    0.000000
  -3.90664    0.000000
  -3.89863    0.000000
  -3.89063    0.000000
  -3.88263    0.000000
  -3.87462    0.000000
  -3.86662    0.000000
  -3.85862    0.000000
  -3.85062    0.000000
  -3.84261    0.000000
  -3.83461    0.000000
  -3.82661    0.000000
  -3.81861    0.000000
  -3.81060    0.000000
  -3.80260    0.000000
  -3.79460    0.000000
  -3.78660    0.000000
  -3.77859    0.000000
  -3.77059    0.000000
  -3.76259    0.000000
  -3.75458    0.000000
  -3.74658    0.000000
  -3.73858    0.000000
  -3.73058    0.000000
  -3.72257    0.000000
  -3.71457    0.000000
  -3.70657    0.000000
  -3.69857    0.000000
  -3.69056    0.000000
  -3.68256    0.000000
  -3.67456    0.000000
  -3.66656    0.000000
  -3.65855    0.000000
  -3.65055    0.000000
  -3.64255    0.000000
  -3.63454    0.000000
  -3.62654    0.000000
  -3.61854    0.000000
  -3.61054    0.000000
  -3.60253    0.000000
  -3.59453    0.000000
  -3.58653    0.000000
  -3.57853    0.000000
  -3.57052    0.000000
  -3.56252    0.000000
  -3.55452    0.000000
  -3.54652    0.000000
  -3.53851    0.000000
  -3.53051    0.000000
  -3.52251    0.000000
  -3.51450    0.000000
  -3.50650    0.000000
  -3.49850    0.000000
  -3.49050    0.000000
  -3.48249    0.000000
  -3.47449    0.000000
  -3.46649    0.000000
  -3.45849    0.000000
  -3.45048    0.000000
  -3.44248    0.000000
  -3.43448    0.000000
  -3.42648    0.000000
  -3.41847    0.000000
  -3.41047    0.000000
  -3.40247    0.000000
  -3.39446    0.000000
  -3.38646    0.000000
  -3.37846    0.000000
  -3.37046    0.000000
  -3.36245    0.000000
  -3.35445    0.000000
  -3.34645    0.000000
  -3.33845    0.000000
  -3.33044    0.000000
  -3.32244    0.000000
  -3.31444    0.000000
  -3.30644    0.000000
  -3.29843    0.000000
  -3.29043    0.000000
  -3.28243    0.000000
  -3.27442    0.000000
  -3.26642    0.000000
  -3.25842    0.000000
  -3.25042    0.000000
  -3.24241    0.000000
  -3.23441    0.000000
  -3.22641    0.000000
  -3.21841    0.000000
  -3.21040    0.000000
  -3.20240    0.000000
  -3.19440    0.000000
  -3.18640    0.000000
  -3.17839    0.000000
  -3.17039    0.000000
  -3.16239    0.000000
  -3.15438    0.000000
  -3.14638    0.000000
  -3.13838    0.000000
  -3.13038    0.000000
  -3.12237    0.000000
  -3.11437    0.000000
  -3.10637    0.000000
  -3.09837    0.000000
  -3.09036    0.000000
  -3.08236    0.000000
  -3.07436    0.000000
  -3.06636    0.000000
  -3.05835    0.000000
  -3.05035    0.000000
  -3.04235    0.000000
  -3.03434    0.000000
  -3.02634    0.000000
  -3.01834    0.000000
  -3.01034    0.000000
  -3.00233    0.000000
  -2.99433    0.000000
  -2.98633    0.000000
  -2.97833    0.000000
  -2.97032    0.000000
  -2.96232    0.000000
  -2.95432    0.000000
  -2.94632    0.000000
  -2.93831    0.000000
  -2.93031    0.000000
  -2.92231    0.000000
  -2.91430    0.000000
  -2.90630    0.000000
  -2.89830    0.000000
  -2.89030    0.000000
  -2.88229    0.000000
  -2.87429    0.000000
  -2.86629    0.000000
  -2.85829    0.000000
  -2.85028    0.000000
  -2.84228    0.000000
  -2.83428    0.000000
  -2.82628    0.000000
  -2.81827    0.000000
  -2.81027    0.000000
  -2.80227    0.000000
  -2.79426    0.000000
  -2.78626    0.000000
  -2.77826    0.000000
  -2.77026    0.000000
  -2.76225    0.000000
  -2.75425    0.000000
  -2.74625    0.000000
  -2.73825    0.000000
  -2.73024    0.000000
  -2.72224    0.000000
  -2.71424    0.000000
  -2.70624    0.000000
  -2.69823    0.000000
  -2.69023    0.000000
  -2.68223    0.000000
  -2.67422    0.000000
  -2.66622    0.000000
  -2.65822    0.000000
  -2.65022    0.000000
  -2.64221    0.000000
  -2.63421    0.000000
  -2.62621    0.000000
  -2.61821    0.000000
  -2.61020    0.000000
  -2.60220    0.000000
  -2.59420    0.000000
  -2.58620    0.000000
  -2.57819    0.000000
  -2.57019    0.000000
  -2.56219    0.000000
  -2.55418    0.000000
  -2.54618    0.000000
  -2.53818    0.000000
  -2.53018    0.000000
  -2.52217    0.000000
  -2.51417    0.000000
  -2.50617    0.000000
  -2.49817    0.000000
  -2.49016    0.000000
  -2.48216    0.000000
  -2.47416    0.000000
  -2.46616    0.000000
  -2.45815    0.000000
  -2.45015    0.000000
  -2.44215    0.000000
  -2.43414    0.000000
  -2.42614    0.000000
  -2.41814    0.000000
  -2.41014    0.000000
  -2.40213    0.000000
  -2.39413    0.000000
  -2.38613    0.000000
  -2.37813    0.000000
  -2.37012    0.000000
  -2.36212    0.000000
  -2.35412    0.000000
  -2.34612    0.000000
  -2.33811    0.000000
  -2.33011    0.000000
  -2.32211    0.000000
  -2.31410    0.000000
  -2.30610    0.000000
  -2.29810    0.000000
  -2.29010    0.000000
  -2.28209    0.000000
  -2.27409    0.000000
  -2.26609    0.000000
  -2.25809    0.000000
  -2.25008    0.000000
  -2.24208    0.000000
  -2.23408    0.000000
  -2.22608    0.000000
  -2.21807    0.000000
  -2.21007    0.000000
  -2.20207    0.000000
  -2.19406    0.000000
  -2.18606    0.000000
  -2.17806    0.000000
  -2.17006    0.000000
  -2.16205    0.000000
  -2.15405    0.000000
  -2.14605    0.000000
  -2.13805    0.000000
  -2.13004    0.000000
  -2.12204    0.000000
  -2.11404    0.000000
  -2.10604    0.000000
  -2.09803    0.000000
  -2.09003    0.000000
  -2.08203    0.000000
  -2.07402    0.000000
  -2.06602    0.000000
  -2.05802    0.000000
  -2.05002    0.000000
  -2.04201    0.000000
  -2.03401    0.000000
  -2.02601    0.000000
  -2.01801    0.000000
  -2.01000    0.000000
  -2.00200    0.000000
  -1.99400    0.000000
  -1.98600    0.000000
  -1.97799    0.000000
  -1.96999    0.000000
  -1.96199    0.000000
  -1.95398    0.000000
  -1.94598    0.000000
  -1.93798    0.000000
  -1.92998    0.000000
  -1.92197    0.000000
  -1.91397    0.000000
  -1.90597    0.000000
  -1.89797    0.000000
  -1.88996    0.000000
  -1.88196    0.000000
  -1.87396    0.000000
  -1.86596    0.000000
  -1.85795    0.000000
  -1.84995    0.000000
  -1.84195    0.000000
  -1.83394    0.000000
  -1.82594    0.000000
  -1.81794    0.000000
  -1.80994    0.000000
  -1.80193    0.000000
  -1.79393    0.000000
  -1.78593    0.000000
  -1.77793    0.000000
  -1.76992    0.000000
  -1.76192    0.000000
  -1.75392    0.000000
  -1.74592    0.000000
  -1.73791    0.000000
  -1.72991    0.000000
  -1.72191    0.000000
  -1.71390    0.000000
  -1.70590    0.000000
  -1.69790    0.000000
  -1.68990    0.000000
  -1.68189    0.000000
  -1.67389    0.000000
  -1.66589    0.000000
  -1.65789    0.000000
  -1.64988    0.000000
  -1.64188    0.000000
  -1.63388    0.000000
  -1.62588    0.000000
  -1.61787    0.000000
  -1.60987    0.000000
  -1.60187    0.000000
  -1.59386    0.000000
  -1.58586    0.000000
  -1.57786    0.000000
  -1.56986    0.000000
  -1.56185    0.000000
  -1.55385    0.000000
  -1.54585    0.000000
  -1.53785    0.000000
  -1.52984    0.000000
  -1.52184    0.000000
  -1.51384    0.000000
  -1.50584    0.000000
  -1.49783    0.000000
  -1.48983    0.000000
  -1.48183    0.000000
  -1.47382    0.000000
  -1.46582    0.000000
  -1.45782    0.000000
  -1.44982    0.000000
  -1.44181    0.000000
  -1.43381    0.000000
  -1.42581    0.000000
  -1.41781    0.000000
  -1.40980    0.000000
  -1.40180    0.000000
  -1.39380    0.000000
  -1.38580    0.000000
  -1.37779    0.000000
  -1.36979    0.000000
  -1.36179    0.000000
  -1.35378    0.000000
  -1.34578    0.000000
  -1.33778    0.000000
  -1.32978    0.000000
  -1.32177    0.000000
  -1.31377    0.000000
  -1.30577    0.000000
  -1.29777    0.000000
  -1.28976    0.000000
  -1.28176    0.000000
  -1.27376    0.000000
  -1.26576    0.000000
  -1.25775    0.000000
  -1.24975    0.000000
  -1.24175    0.000000
  -1.23374    0.000000
  -1.22574    0.000000
  -1.21774    0.000000
  -1.20974    0.000000
  -1.20173    0.000000
  -1.19373    0.000000
  -1.18573    0.000000
  -1.17773    0.000000
  -1.16972    0.000000
  -1.16172    0.000000
  -1.15372    0.000000
  -1.14572    0.000000
  -1.13771    0.000000
  -1.12971    0.000000
  -1.12171    0.000000
  -1.11370    0.000002
  -1.10570    0.000016
  -1.09770    0.000093
  -1.08970    0.000465
  -1.08169    0.002011
  -1.07369    0.007550
  -1.06569    0.024593
  -1.05769    0.069501
  -1.04968    0.170401
  -1.04168    0.362461
  -1.03368    0.668897
  -1.02568    1.070953
  -1.01767    1.487681
  -1.00967    1.793247
  -1.00167    1.876773
  -0.99366    1.709362
  -0.98566    1.367479
  -0.97766    0.995156
  -0.96966    0.736715
  -0.96165    0.684348
  -0.95365    0.855899
  -0.94565    1.191887
  -0.93765    1.567310
  -0.92964    1.830242
  -0.92164    1.867510
  -0.91364    1.663963
  -0.90564    1.311817
  -0.89763    0.962322
  -0.88963    0.756007
  -0.88163    0.772535
  -0.87362    1.011822
  -0.86562    1.398780
  -0.85762    1.811328
  -0.84962    2.134383
  -0.84161    2.317427
  -0.83361    2.390055
  -0.82561    2.415852
  -0.81761    2.427215
  -0.80960    2.408347
  -0.80160    2.340345
  -0.79360    2.248524
  -0.78560    2.188460
  -0.77759    2.181169
  -0.76959    2.171518
  -0.76159    2.062086
  -0.75358    1.794139
  -0.74558    1.400597
  -0.73758    0.989871
  -0.72958    0.687437
  -0.72157    0.588209
  -0.71357    0.741375
  -0.70557    1.149095
  -0.69757    1.757436
  -0.68956    2.446097
  -0.68156    3.042962
  -0.67356    3.375911
  -0.66556    3.341795
  -0.65755    2.953383
  -0.64955    2.336142
  -0.64155    1.678371
  -0.63354    1.166321
  -0.62554    0.938425
  -0.61754    1.067208
  -0.60954    1.550211
  -0.60153    2.295581
  -0.59353    3.121423
  -0.58553    3.804425
  -0.57753    4.175791
  -0.56952    4.202663
  -0.56152    3.988047
  -0.55352    3.693717
  -0.54552    3.460911
  -0.53751    3.388011
  -0.52951    3.546787
  -0.52151    3.979962
  -0.51350    4.664014
  -0.50550    5.479550
  -0.49750    6.236734
  -0.48950    6.756744
  -0.48149    6.959570
  -0.47349    6.893611
  -0.46549    6.680561
  -0.45749    6.420594
  -0.44948    6.142437
  -0.44148    5.836492
  -0.43348    5.517368
  -0.42548    5.234162
  -0.41747    5.019371
  -0.40947    4.845505
  -0.40147    4.642429
  -0.39346    4.349449
  -0.38546    3.943285
  -0.37746    3.428475
  -0.36946    2.825363
  -0.36145    2.179013
  -0.35345    1.570423
  -0.34545    1.102866
  -0.33745    0.865323
  -0.32944    0.896160
  -0.32144    1.164003
  -0.31344    1.572310
  -0.30544    1.992377
  -0.29743    2.317863
  -0.28943    2.507503
  -0.28143    2.578135
  -0.27342    2.553270
  -0.26542    2.422112
  -0.25742    2.154341
  -0.24942    1.751576
  -0.24141    1.275178
  -0.23341    0.819938
  -0.22541    0.461875
  -0.21741    0.226896
  -0.20940    0.096967
  -0.20140    0.036004
  -0.19340    0.011607
  -0.18540    0.003247
  -0.17739    0.000788
  -0.16939    0.000166
  -0.16139    0.000030
  -0.15338    0.000005
  -0.14538    0.000001
  -0.13738    0.000000
  -0.12938    0.000000
  -0.12137    0.000000
  -0.11337    0.000000
  -0.10537    0.000001
  -0.09737    0.000009
  -0.08936    0.000054
  -0.08136    0.000293
  -0.07336    0.001382
  -0.06536    0.005697
  -0.05735    0.020588
  -0.04935    0.065357
  -0.04135    0.182782
  -0.03334    0.451931
  -0.02534    0.992012
  -0.01734    1.942605
  -0.00934    3.412625
  -0.00133    5.411253
   0.00667    7.795873
   0.01467   10.274447
   0.02267   12.476158
   0.03068   14.069144
   0.03868   14.878099
   0.04668   14.949174
   0.05468   14.530779
   0.06269   13.981728
   0.07069   13.655419
   0.07869   13.808914
   0.08670   14.554293
   0.09470   15.844539
   0.10270   17.485942
   0.11070   19.176916
   0.11871   20.574539
   0.12671   21.385980
   0.13471   21.466633
   0.14271   20.879660
   0.15072   19.866656
   0.15872   18.729193
   0.16672   17.692361
   0.17472   16.838504
   0.18273   16.140008
   0.19073   15.543652
   0.19873   15.034061
   0.20674   14.639356
   0.21474   14.395527
   0.22274   14.311279
   0.23074   14.358494
   0.23875   14.480316
   0.24675   14.598965
   0.25475   14.628442
   0.26275   14.513348
   0.27076   14.283097
   0.27876   14.060952
   0.28676   13.982262
   0.29476   14.072294
   0.30277   14.204645
   0.31077   14.200632
   0.31877   13.986647
   0.32678   13.661888
   0.33478   13.417926
   0.34278   13.392529
   0.35078   13.585654
   0.35879   13.888928
   0.36679   14.176363
   0.37479   14.367304
   0.38279   14.417971
   0.39080   14.275094
   0.39880   13.864665
   0.40680   13.151879
   0.41480   12.226615
   0.42281   11.325773
   0.43081   10.748721
   0.43881   10.712295
   0.44682   11.238665
   0.45482   12.136762
   0.46282   13.073964
   0.47082   13.700654
   0.47883   13.785863
   0.48683   13.313536
   0.49483   12.485857
   0.50283   11.623049
   0.51084   11.021146
   0.51884   10.853399
   0.52684   11.147649
   0.53484   11.809452
   0.54285   12.658193
   0.55085   13.477410
   0.55885   14.084882
   0.56686   14.396639
   0.57486   14.444139
   0.58286   14.332800
   0.59086   14.175096
   0.59887   14.049341
   0.60687   14.007076
   0.61487   14.099662
   0.62287   14.370951
   0.63088   14.802806
   0.63888   15.267348
   0.64688   15.553466
   0.65488   15.469044
   0.66289   14.945443
   0.67089   14.070391
   0.67889   13.041214
   0.68690   12.082119
   0.69490   11.365147
   0.70290   10.950861
   0.71090   10.765772
   0.71891   10.642609
   0.72691   10.423114
   0.73491   10.065903
   0.74291    9.676422
   0.75092    9.427009
   0.75892    9.426688
   0.76692    9.645001
   0.77492    9.945414
   0.78293   10.188244
   0.79093   10.313144
   0.79893   10.345977
   0.80694   10.345105
   0.81494   10.340124
   0.82294   10.308432
   0.83094   10.205140
   0.83895   10.023599
   0.84695    9.832850
   0.85495    9.747754
   0.86295    9.843315
   0.87096   10.076208
   0.87896   10.274807
   0.88696   10.213120
   0.89496    9.732386
   0.90297    8.841617
   0.91097    7.733067
   0.91897    6.699100
   0.92698    6.001328
   0.93498    5.766640
   0.94298    5.955437
   0.95098    6.402090
   0.95899    6.899391
   0.96699    7.289486
   0.97499    7.523600
   0.98299    7.659123
   0.99100    7.786649
   0.99900    7.928456
   1.00700    7.989877
   1.01501    7.817262
   1.02301    7.323323
   1.03101    6.574256
   1.03901    5.768403
   1.04702    5.133544
   1.05502    4.825027
   1.06302    4.877294
   1.07102    5.203927
   1.07903    5.626432
   1.08703    5.933430
   1.09503    5.969476
   1.10303    5.712398
   1.11104    5.279249
   1.11904    4.846947
   1.12704    4.544140
   1.13505    4.391661
   1.14305    4.321900
   1.15105    4.243041
   1.15905    4.091281
   1.16706    3.844301
   1.17506    3.512675
   1.18306    3.135851
   1.19106    2.780774
   1.19907    2.517985
   1.20707    2.372018
   1.21507    2.287608
   1.22307    2.156528
   1.23108    1.894263
   1.23908    1.502530
   1.24708    1.067062
   1.25509    0.703500
   1.26309    0.504772
   1.27109    0.524201
   1.27909    0.784417
   1.28710    1.285069
   1.29510    2.000890
   1.30310    2.882028
   1.31110    3.862842
   1.31911    4.867418
   1.32711    5.804062
   1.33511    6.566464
   1.34311    7.063824
   1.35112    7.267301
   1.35912    7.229684
   1.36712    7.054465
   1.37513    6.837428
   1.38313    6.623359
   1.39113    6.401786
   1.39913    6.140440
   1.40714    5.838137
   1.41514    5.562156
   1.42314    5.431657
   1.43114    5.545754
   1.43915    5.913379
   1.44715    6.453669
   1.45515    7.070007
   1.46315    7.722487
   1.47116    8.422389
   1.47916    9.153587
   1.48716    9.802735
   1.49517   10.174289
   1.50317   10.091692
   1.51117    9.517907
   1.51917    8.615834
   1.52718    7.704176
   1.53518    7.120855
   1.54318    7.062014
   1.55118    7.487719
   1.55919    8.148387
   1.56719    8.709785
   1.57519    8.901509
   1.58319    8.619299
   1.59120    7.950124
   1.59920    7.120381
   1.60720    6.386841
   1.61521    5.913655
   1.62321    5.699763
   1.63121    5.605527
   1.63921    5.464013
   1.64722    5.199032
   1.65522    4.871528
   1.66322    4.635735
   1.67122    4.643608
   1.67923    4.953239
   1.68723    5.490813
   1.69523    6.095818
   1.70323    6.629432
   1.71124    7.066145
   1.71924    7.486508
   1.72724    7.972735
   1.73525    8.504815
   1.74325    8.957947
   1.75125    9.201562
   1.75925    9.199543
   1.76726    9.013956
   1.77526    8.713773
   1.78326    8.283322
   1.79126    7.623741
   1.79927    6.651440
   1.80727    5.408364
   1.81527    4.091040
   1.82327    2.977760
   1.83128    2.310711
   1.83928    2.206625
   1.84728    2.629890
   1.85529    3.418280
   1.86329    4.338543
   1.87129    5.158398
   1.87929    5.724274
   1.88730    6.016895
   1.89530    6.141454
   1.90330    6.236584
   1.91130    6.358048
   1.91931    6.438425
   1.92731    6.370654
   1.93531    6.143772
   1.94331    5.898022
   1.95132    5.838436
   1.95932    6.081457
   1.96732    6.569094
   1.97533    7.115136
   1.98333    7.528420
   1.99133    7.705727
   1.99933    7.637103
   2.00734    7.356022
   2.01534    6.906525
   2.02334    6.357262
   2.03134    5.823859
   2.03935    5.448643
   2.04735    5.340539
   2.05535    5.524389
   2.06335    5.934526
   2.07136    6.445363
   2.07936    6.917217
   2.08736    7.245686
   2.09537    7.402839
   2.10337    7.448202
   2.11137    7.494944
   2.11937    7.645073
   2.12738    7.928894
   2.13538    8.280344
   2.14338    8.560459
   2.15138    8.619854
   2.15939    8.371577
   2.16739    7.834985
   2.17539    7.123878
   2.18339    6.387986
   2.19140    5.748731
   2.19940    5.269074
   2.20740    4.965178
   2.21541    4.834266
   2.22341    4.865218
   2.23141    5.020738
   2.23941    5.214635
   2.24742    5.321809
   2.25542    5.230579
   2.26342    4.902227
   2.27142    4.394685
   2.27943    3.843986
   2.28743    3.424777
   2.29543    3.299238
   2.30343    3.552569
   2.31144    4.139260
   2.31944    4.888598
   2.32744    5.584415
   2.33545    6.066705
   2.34345    6.282243
   2.35145    6.264068
   2.35945    6.080846
   2.36746    5.801742
   2.37546    5.484463
   2.38346    5.169679
   2.39146    4.872615
   2.39947    4.577594
   2.40747    4.244324
   2.41547    3.829908
   2.42347    3.322758
   2.43148    2.771855
   2.43948    2.284570
   2.44748    1.978594
   2.45549    1.911669
   2.46349    2.044010
   2.47149    2.272555
   2.47949    2.514763
   2.48750    2.766573
   2.49550    3.074183
   2.50350    3.441177
   2.51150    3.764276
   2.51951    3.873174
   2.52751    3.652813
   2.53551    3.146410
   2.54351    2.553309
   2.55152    2.125070
   2.55952    2.036932
   2.56752    2.313956
   2.57553    2.841234
   2.58353    3.435624
   2.59153    3.931009
   2.59953    4.233574
   2.60754    4.330126
   2.61554    4.262972
   2.62354    4.097190
   2.63154    3.895953
   2.63955    3.705769
   2.64755    3.551699
   2.65555    3.443772
   2.66355    3.387450
   2.67156    3.384940
   2.67956    3.426474
   2.68756    3.486330
   2.69557    3.533049
   2.70357    3.545382
   2.71157    3.520439
   2.71957    3.469603
   2.72758    3.406918
   2.73558    3.338674
   2.74358    3.260400
   2.75158    3.157598
   2.75959    3.003933
   2.76759    2.764819
   2.77559    2.421708
   2.78359    2.008904
   2.79160    1.626297
   2.79960    1.402357
   2.80760    1.426554
   2.81561    1.700840
   2.82361    2.146904
   2.83161    2.661714
   2.83961    3.172424
   2.84762    3.640428
   2.85562    4.016672
   2.86362    4.211041
   2.87162    4.133395
   2.87963    3.783692
   2.88763    3.300650
   2.89563    2.905243
   2.90363    2.771308
   2.91164    2.920186
   2.91964    3.212228
   2.92764    3.430929
   2.93565    3.397600
   2.94365    3.050680
   2.95165    2.457338
   2.95965    1.764555
   2.96766    1.124011
   2.97566    0.632398
   2.98366    0.313131
   2.99166    0.136378
   2.99967    0.053715
   3.00767    0.025047
   3.01567    0.030798
   3.02367    0.074384
   3.03168    0.180452
   3.03968    0.387655
   3.04768    0.731243
   3.05569    1.218022
   3.06369    1.810023
   3.07169    2.435187
   3.07969    3.021001
   3.08770    3.519622
   3.09570    3.898937
   3.10370    4.116575
   3.11170    4.121762
   3.11971    3.899906
   3.12771    3.516181
   3.13571    3.099573
   3.14371    2.763584
   3.15172    2.528600
   3.15972    2.317859
   3.16772    2.031899
   3.17573    1.633636
   3.18373    1.172656
   3.19173    0.740648
   3.19973    0.408605
   3.20774    0.196205
   3.21574    0.081864
   3.22374    0.029656
   3.23174    0.009324
   3.23975    0.002544
   3.24775    0.000603
   3.25575    0.000130
   3.26375    0.000064
   3.27176    0.000228
   3.27976    0.001037
   3.28776    0.004158
   3.29577    0.014468
   3.30377    0.043674
   3.31177    0.114377
   3.31977    0.259877
   3.32778    0.512274
   3.33578    0.876084
   3.34378    1.299860
   3.35178    1.673231
   3.35979    1.868639
   3.36779    1.810573
   3.37579    1.522281
   3.38379    1.111636
   3.39180    0.708948
   3.39980    0.407683
   3.40780    0.247196
   3.41581    0.233903
   3.42381    0.367901
   3.43181    0.646038
   3.43981    1.038970
   3.44782    1.468354
   3.45582    1.819316
   3.46382    1.997904
   3.47182    1.996243
   3.47983    1.905241
   3.48783    1.850261
   3.49583    1.894131
   3.50383    1.987112
   3.51184    2.006605
   3.51984    1.852672
   3.52784    1.520545
   3.53585    1.098371
   3.54385    0.706937
   3.55185    0.439743
   3.55985    0.343382
   3.56786    0.430112
   3.57586    0.688276
   3.58386    1.071511
   3.59186    1.483111
   3.59987    1.789566
   3.60787    1.875137
   3.61587    1.704920
   3.62387    1.344924
   3.63188    0.920454
   3.63988    0.546531
   3.64788    0.281537
   3.65589    0.125824
   3.66389    0.048787
   3.67189    0.016411
   3.67989    0.004790
   3.68790    0.001213
   3.69590    0.000266
   3.70390    0.000051
   3.71190    0.000008
   3.71991    0.000001
   3.72791    0.000000
   3.73591    0.000000
   3.74391    0.000000
   3.75192    0.000000
   3.75992    0.000000
   3.76792    0.000000
   3.77593    0.000000
   3.78393    0.000000
   3.79193    0.000000
   3.79993    0.000000
   3.80794    0.000000
   3.81594    0.000000
   3.82394    0.000000
   3.83194    0.000000
   3.83995    0.000000
   3.84795    0.000000
   3.85595    0.000000
   3.86395    0.000000
   3.87196    0.000000
   3.87996    0.000000
   3.88796    0.000000
   3.89597    0.000000
   3.90397    0.000000
   3.91197    0.000000
   3.91997    0.000000
   3.92798    0.000000
   3.93598    0.000000
   3.94398    0.000000
   3.95198    0.000000
   3.95999    0.000000
   3.96799    0.000000
   3.97599    0.000000
   3.98399    0.000000
   3.99200    0.000000
   4.00000    0.000000
